3	4	30	30	
3	5	6	6	
3	7	24	24	
3	8	54	54	
3	10	66	66	
3	11	36	36	
3	13	14	14	
3	14	90	90	
3	16	34	34	
3	17	54	54	
3	19	60	60	
3	20	42	42	
3	22	138	138	
3	23	24	24	
3	25	78	78	
3	26	162	162	
3	28	174	174	
3	29	90	90	
3	31	32	32	
3	32	198	198	
3	34	70	70	
3	35	108	108	
3	37	114	114	
3	38	78	78	
3	40	246	246	
3	41	42	42	
3	43	132	132	
3	44	270	270	
3	46	282	282	
3	47	144	144	
3	49	50	50	
3	50	306	306	
3	52	106	106	
3	53	162	162	
3	55	168	168	
3	56	114	114	
3	58	354	354	
3	59	60	60	
3	61	186	186	
3	62	378	378	
3	64	390	390	
3	65	198	198	
3	67	68	68	
3	68	414	414	
3	70	142	142	
3	71	216	216	
3	73	222	222	
3	74	150	150	
3	76	462	462	
3	77	78	78	
3	79	240	240	
3	80	486	486	
3	82	498	498	
3	83	252	252	
3	85	86	86	
3	86	522	522	
3	88	178	178	
3	89	270	270	
3	91	276	276	
3	92	186	186	
3	94	570	570	
3	95	96	96	
3	97	294	294	
3	98	594	594	
3	100	606	606	
3	101	306	306	
3	103	104	104	
3	104	630	630	
3	106	214	214	
3	107	324	324	
3	109	330	330	
3	110	222	222	
3	112	678	678	
3	113	114	114	
3	115	348	348	
3	116	702	702	
3	118	714	714	
3	119	360	360	
3	121	122	122	
3	122	738	738	
3	124	250	250	
3	125	378	378	
3	127	384	384	
3	128	258	258	
3	130	786	786	
3	131	132	132	
3	133	402	402	
3	134	810	810	
3	136	822	822	
3	137	414	414	
3	139	140	140	
3	140	846	846	
3	142	286	286	
3	143	432	432	
3	145	438	438	
3	146	294	294	
3	148	894	894	
3	149	150	150	
3	151	456	456	
3	152	918	918	
3	154	930	930	
3	155	468	468	
3	157	158	158	
3	158	954	954	
3	160	322	322	
3	161	486	486	
3	163	492	492	
3	164	330	330	
3	166	1002	1002	
3	167	168	168	
3	169	510	510	
3	170	1026	1026	
3	172	1038	1038	
3	173	522	522	
3	175	176	176	
3	176	1062	1062	
3	178	358	358	
3	179	540	540	
3	181	546	546	
3	182	366	366	
3	184	1110	1110	
3	185	186	186	
3	187	564	564	
3	188	1134	1134	
3	190	1146	1146	
3	191	576	576	
3	193	194	194	
3	194	1170	1170	
3	196	394	394	
3	197	594	594	
3	199	600	600	
3	200	402	402	
3	202	1218	1218	
3	203	204	204	
3	205	618	618	
3	206	1242	1242	
3	208	1254	1254	
3	209	630	630	
3	211	212	212	
3	212	1278	1278	
3	214	430	430	
3	215	648	648	
3	217	654	654	
3	218	438	438	
3	220	1326	1326	
3	221	222	222	
3	223	672	672	
3	224	1350	1350	
3	226	1362	1362	
3	227	684	684	
3	229	230	230	
3	230	1386	1386	
3	232	466	466	
3	233	702	702	
3	235	708	708	
3	236	474	474	
3	238	1434	1434	
3	239	240	240	
3	241	726	726	
3	242	1458	1458	
3	244	1470	1470	
3	245	738	738	
3	247	248	248	
3	248	1494	1494	
3	250	502	502	
3	251	756	756	
3	253	762	762	
3	254	510	510	
3	256	1542	1542	
3	257	258	258	
3	259	780	780	
3	260	1566	1566	
3	262	1578	1578	
3	263	792	792	
3	265	266	266	
3	266	1602	1602	
3	268	538	538	
3	269	810	810	
3	271	816	816	
3	272	546	546	
3	274	1650	1650	
3	275	276	276	
3	277	834	834	
3	278	1674	1674	
3	280	1686	1686	
3	281	846	846	
3	283	284	284	
3	284	1710	1710	
3	286	574	574	
3	287	864	864	
3	289	870	870	
3	290	582	582	
3	292	1758	1758	
3	293	294	294	
3	295	888	888	
3	296	1782	1782	
3	298	1794	1794	
3	299	900	900	
3	301	302	302	
3	302	1818	1818	
3	304	610	610	
3	305	918	918	
3	307	924	924	
3	308	618	618	
3	310	1866	1866	
3	311	312	312	
3	313	942	942	
3	314	1890	1890	
3	316	1902	1902	
3	317	954	954	
3	319	320	320	
3	320	1926	1926	
3	322	646	646	
3	323	972	972	
3	325	978	978	
3	326	654	654	
3	328	1974	1974	
3	329	330	330	
3	331	996	996	
3	332	1998	1998	
3	334	2010	2010	
3	335	1008	1008	
3	337	338	338	
3	338	2034	2034	
3	340	682	682	
3	341	1026	1026	
3	343	1032	1032	
3	344	690	690	
3	346	2082	2082	
3	347	348	348	
3	349	1050	1050	
3	350	2106	2106	
3	352	2118	2118	
3	353	1062	1062	
3	355	356	356	
3	356	2142	2142	
3	358	718	718	
3	359	1080	1080	
3	361	1086	1086	
3	362	726	726	
3	364	2190	2190	
3	365	366	366	
3	367	1104	1104	
3	368	2214	2214	
3	370	2226	2226	
3	371	1116	1116	
3	373	374	374	
3	374	2250	2250	
3	376	754	754	
3	377	1134	1134	
3	379	1140	1140	
3	380	762	762	
3	382	2298	2298	
3	383	384	384	
3	385	1158	1158	
3	386	2322	2322	
3	388	2334	2334	
3	389	1170	1170	
3	391	392	392	
3	392	2358	2358	
3	394	790	790	
3	395	1188	1188	
3	397	1194	1194	
3	398	798	798	
3	400	2406	2406	
3	401	402	402	
3	403	1212	1212	
3	404	2430	2430	
3	406	2442	2442	
3	407	1224	1224	
3	409	410	410	
3	410	2466	2466	
3	412	826	826	
3	413	1242	1242	
3	415	1248	1248	
3	416	834	834	
3	418	2514	2514	
3	419	420	420	
3	421	1266	1266	
3	422	2538	2538	
3	424	2550	2550	
3	425	1278	1278	
3	427	428	428	
3	428	2574	2574	
3	430	862	862	
3	431	1296	1296	
3	433	1302	1302	
3	434	870	870	
3	436	2622	2622	
3	437	438	438	
3	439	1320	1320	
3	440	2646	2646	
3	442	2658	2658	
3	443	1332	1332	
3	445	446	446	
3	446	2682	2682	
3	448	898	898	
3	449	1350	1350	
3	451	1356	1356	
3	452	906	906	
3	454	2730	2730	
3	455	456	456	
3	457	1374	1374	
3	458	2754	2754	
3	460	2766	2766	
3	461	1386	1386	
3	463	464	464	
3	464	2790	2790	
3	466	934	934	
3	467	1404	1404	
3	469	1410	1410	
3	470	942	942	
3	472	2838	2838	
3	473	474	474	
3	475	1428	1428	
3	476	2862	2862	
3	478	2874	2874	
3	479	1440	1440	
3	481	482	482	
3	482	2898	2898	
3	484	970	970	
3	485	1458	1458	
3	487	1464	1464	
3	488	978	978	
3	490	2946	2946	
3	491	492	492	
3	493	1482	1482	
3	494	2970	2970	
3	496	2982	2982	
3	497	1494	1494	
3	499	500	500	
3	500	3006	3006	
3	502	1006	1006	
3	503	1512	1512	
3	505	1518	1518	
3	506	1014	1014	
3	508	3054	3054	
3	509	510	510	
3	511	1536	1536	
3	512	3078	3078	
3	514	3090	3090	
3	515	1548	1548	
3	517	518	518	
3	518	3114	3114	
3	520	1042	1042	
3	521	1566	1566	
3	523	1572	1572	
3	524	1050	1050	
3	526	3162	3162	
3	527	528	528	
3	529	1590	1590	
3	530	3186	3186	
3	532	3198	3198	
3	533	1602	1602	
3	535	536	536	
3	536	3222	3222	
3	538	1078	1078	
3	539	1620	1620	
3	541	1626	1626	
3	542	1086	1086	
3	544	3270	3270	
3	545	546	546	
3	547	1644	1644	
3	548	3294	3294	
3	550	3306	3306	
3	551	1656	1656	
3	553	554	554	
3	554	3330	3330	
3	556	1114	1114	
3	557	1674	1674	
3	559	1680	1680	
3	560	1122	1122	
3	562	3378	3378	
3	563	564	564	
3	565	1698	1698	
3	566	3402	3402	
3	568	3414	3414	
3	569	1710	1710	
3	571	572	572	
3	572	3438	3438	
3	574	1150	1150	
3	575	1728	1728	
3	577	1734	1734	
3	578	1158	1158	
3	580	3486	3486	
3	581	582	582	
3	583	1752	1752	
3	584	3510	3510	
3	586	3522	3522	
3	587	1764	1764	
3	589	590	590	
3	590	3546	3546	
3	592	1186	1186	
3	593	1782	1782	
3	595	1788	1788	
3	596	1194	1194	
3	598	3594	3594	
3	599	600	600	
3	601	1806	1806	
3	602	3618	3618	
3	604	3630	3630	
3	605	1818	1818	
3	607	608	608	
3	608	3654	3654	
3	610	1222	1222	
3	611	1836	1836	
3	613	1842	1842	
3	614	1230	1230	
3	616	3702	3702	
3	617	618	618	
3	619	1860	1860	
3	620	3726	3726	
3	622	3738	3738	
3	623	1872	1872	
3	625	626	626	
3	626	3762	3762	
3	628	1258	1258	
3	629	1890	1890	
3	631	1896	1896	
3	632	1266	1266	
6	7	18	18	
6	11	78	78	
6	13	90	90	
6	17	114	114	
6	19	126	126	
6	23	150	150	
6	25	162	162	
6	29	62	62	
6	31	198	198	
6	35	222	222	
6	37	234	234	
6	41	258	258	
6	43	90	90	
6	47	294	294	
6	49	306	306	
6	53	330	330	
6	55	342	342	
6	59	366	366	
6	61	378	378	
6	65	134	134	
6	67	414	414	
6	71	438	438	
6	73	450	450	
6	77	474	474	
6	79	162	162	
6	83	510	510	
6	85	522	522	
6	89	546	546	
6	91	558	558	
6	95	582	582	
6	97	594	594	
6	101	206	206	
6	103	630	630	
6	107	654	654	
6	109	666	666	
6	113	690	690	
6	115	234	234	
6	119	726	726	
6	121	738	738	
6	125	762	762	
6	127	774	774	
6	131	798	798	
6	133	810	810	
6	137	278	278	
6	139	846	846	
6	143	870	870	
6	145	882	882	
6	149	906	906	
6	151	306	306	
6	155	942	942	
6	157	954	954	
6	161	978	978	
6	163	990	990	
6	167	1014	1014	
6	169	1026	1026	
6	173	350	350	
6	175	1062	1062	
6	179	1086	1086	
6	181	1098	1098	
6	185	1122	1122	
6	187	378	378	
6	191	1158	1158	
6	193	1170	1170	
6	197	1194	1194	
6	199	1206	1206	
6	203	1230	1230	
6	205	1242	1242	
6	209	422	422	
6	211	1278	1278	
6	215	1302	1302	
6	217	1314	1314	
6	221	1338	1338	
6	223	450	450	
6	227	1374	1374	
6	229	1386	1386	
6	233	1410	1410	
6	235	1422	1422	
6	239	1446	1446	
6	241	1458	1458	
6	245	494	494	
6	247	1494	1494	
6	251	1518	1518	
6	253	1530	1530	
6	257	1554	1554	
6	259	522	522	
6	263	1590	1590	
6	265	1602	1602	
6	269	1626	1626	
6	271	1638	1638	
6	275	1662	1662	
6	277	1674	1674	
6	281	566	566	
6	283	1710	1710	
6	287	1734	1734	
6	289	1746	1746	
6	293	1770	1770	
6	295	594	594	
6	299	1806	1806	
6	301	1818	1818	
6	305	1842	1842	
6	307	1854	1854	
6	311	1878	1878	
6	313	1890	1890	
6	317	638	638	
6	319	1926	1926	
6	323	1950	1950	
6	325	1962	1962	
6	329	1986	1986	
6	331	666	666	
6	335	2022	2022	
6	337	2034	2034	
6	341	2058	2058	
6	343	2070	2070	
6	347	2094	2094	
6	349	2106	2106	
6	353	710	710	
6	355	2142	2142	
6	359	2166	2166	
6	361	2178	2178	
6	365	2202	2202	
6	367	738	738	
6	371	2238	2238	
6	373	2250	2250	
6	377	2274	2274	
6	379	2286	2286	
6	383	2310	2310	
6	385	2322	2322	
6	389	782	782	
6	391	2358	2358	
6	395	2382	2382	
6	397	2394	2394	
6	401	2418	2418	
6	403	810	810	
6	407	2454	2454	
6	409	2466	2466	
6	413	2490	2490	
6	415	2502	2502	
6	419	2526	2526	
6	421	2538	2538	
6	425	854	854	
6	427	2574	2574	
6	431	2598	2598	
6	433	2610	2610	
6	437	2634	2634	
6	439	882	882	
6	443	2670	2670	
6	445	2682	2682	
6	449	2706	2706	
6	451	2718	2718	
6	455	2742	2742	
6	457	2754	2754	
6	461	926	926	
6	463	2790	2790	
6	467	2814	2814	
6	469	2826	2826	
6	473	2850	2850	
6	475	954	954	
6	479	2886	2886	
6	481	2898	2898	
6	485	2922	2922	
6	487	2934	2934	
6	491	2958	2958	
6	493	2970	2970	
6	497	998	998	
6	499	3006	3006	
6	503	3030	3030	
6	505	3042	3042	
6	509	3066	3066	
6	511	1026	1026	
6	515	3102	3102	
6	517	3114	3114	
6	521	3138	3138	
6	523	3150	3150	
6	527	3174	3174	
6	529	3186	3186	
6	533	1070	1070	
6	535	3222	3222	
6	539	3246	3246	
6	541	3258	3258	
6	545	3282	3282	
6	547	1098	1098	
6	551	3318	3318	
6	553	3330	3330	
6	557	3354	3354	
6	559	3366	3366	
6	563	3390	3390	
6	565	3402	3402	
6	569	1142	1142	
6	571	3438	3438	
6	575	3462	3462	
6	577	3474	3474	
6	581	3498	3498	
6	583	1170	1170	
6	587	3534	3534	
6	589	3546	3546	
6	593	3570	3570	
6	595	3582	3582	
6	599	3606	3606	
6	601	3618	3618	
6	605	1214	1214	
6	607	3654	3654	
6	611	3678	3678	
6	613	3690	3690	
6	617	3714	3714	
6	619	1242	1242	
6	623	3750	3750	
6	625	3762	3762	
6	629	3786	3786	
6	631	3798	3798	
6	635	3822	3822	
6	637	3834	3834	
6	641	1286	1286	
6	643	3870	3870	
6	647	3894	3894	
6	649	3906	3906	
6	653	3930	3930	
6	655	1314	1314	
6	659	3966	3966	
6	661	3978	3978	
6	665	4002	4002	
6	667	4014	4014	
6	671	4038	4038	
6	673	4050	4050	
6	677	1358	1358	
6	679	4086	4086	
6	683	4110	4110	
6	685	4122	4122	
6	689	4146	4146	
6	691	1386	1386	
6	695	4182	4182	
6	697	4194	4194	
6	701	4218	4218	
6	703	4230	4230	
6	707	4254	4254	
6	709	4266	4266	
6	713	1430	1430	
6	715	4302	4302	
6	719	4326	4326	
6	721	4338	4338	
6	725	4362	4362	
6	727	1458	1458	
6	731	4398	4398	
6	733	4410	4410	
6	737	4434	4434	
6	739	4446	4446	
6	743	4470	4470	
6	745	4482	4482	
6	749	1502	1502	
6	751	4518	4518	
6	755	4542	4542	
6	757	4554	4554	
6	761	4578	4578	
6	763	1530	1530	
6	767	4614	4614	
6	769	4626	4626	
6	773	4650	4650	
6	775	4662	4662	
6	779	4686	4686	
6	781	4698	4698	
6	785	1574	1574	
6	787	4734	4734	
6	791	4758	4758	
6	793	4770	4770	
6	797	4794	4794	
6	799	1602	1602	
6	803	4830	4830	
6	805	4842	4842	
6	809	4866	4866	
6	811	4878	4878	
6	815	4902	4902	
6	817	4914	4914	
6	821	1646	1646	
6	823	4950	4950	
6	827	4974	4974	
6	829	4986	4986	
6	833	5010	5010	
6	835	1674	1674	
6	839	5046	5046	
6	841	5058	5058	
6	845	5082	5082	
6	847	5094	5094	
6	851	5118	5118	
6	853	5130	5130	
6	857	1718	1718	
6	859	5166	5166	
6	863	5190	5190	
6	865	5202	5202	
6	869	5226	5226	
6	871	1746	1746	
6	875	5262	5262	
6	877	5274	5274	
6	881	5298	5298	
6	883	5310	5310	
6	887	5334	5334	
6	889	5346	5346	
6	893	1790	1790	
6	895	5382	5382	
6	899	5406	5406	
6	901	5418	5418	
6	905	5442	5442	
6	907	1818	1818	
6	911	5478	5478	
6	913	5490	5490	
6	917	5514	5514	
6	919	5526	5526	
6	923	5550	5550	
6	925	5562	5562	
6	929	1862	1862	
6	931	5598	5598	
6	935	5622	5622	
6	937	5634	5634	
6	941	5658	5658	
6	943	1890	1890	
6	947	5694	5694	
6	949	5706	5706	
6	953	5730	5730	
6	955	5742	5742	
6	959	5766	5766	
6	961	5778	5778	
6	965	1934	1934	
6	967	5814	5814	
6	971	5838	5838	
6	973	5850	5850	
6	977	5874	5874	
6	979	1962	1962	
6	983	5910	5910	
6	985	5922	5922	
6	989	5946	5946	
6	991	5958	5958	
6	995	5982	5982	
6	997	5994	5994	
6	1001	2006	2006	
6	1003	6030	6030	
6	1007	6054	6054	
6	1009	6066	6066	
6	1013	6090	6090	
6	1015	2034	2034	
6	1019	6126	6126	
6	1021	6138	6138	
6	1025	6162	6162	
6	1027	6174	6174	
6	1031	6198	6198	
6	1033	6210	6210	
6	1037	2078	2078	
6	1039	6246	6246	
6	1043	6270	6270	
6	1045	6282	6282	
6	1049	6306	6306	
6	1051	2106	2106	
6	1055	6342	6342	
6	1057	6354	6354	
6	1061	6378	6378	
6	1063	6390	6390	
6	1067	6414	6414	
6	1069	6426	6426	
6	1073	2150	2150	
6	1075	6462	6462	
6	1079	6486	6486	
6	1081	6498	6498	
6	1085	6522	6522	
6	1087	2178	2178	
6	1091	6558	6558	
6	1093	6570	6570	
6	1097	6594	6594	
6	1099	6606	6606	
6	1103	6630	6630	
6	1105	6642	6642	
6	1109	2222	2222	
6	1111	6678	6678	
6	1115	6702	6702	
6	1117	6714	6714	
6	1121	6738	6738	
6	1123	2250	2250	
6	1127	6774	6774	
6	1129	6786	6786	
6	1133	6810	6810	
6	1135	6822	6822	
6	1139	6846	6846	
6	1141	6858	6858	
6	1145	2294	2294	
6	1147	6894	6894	
6	1151	6918	6918	
6	1153	6930	6930	
6	1157	6954	6954	
6	1159	2322	2322	
6	1163	6990	6990	
6	1165	7002	7002	
6	1169	7026	7026	
6	1171	7038	7038	
6	1175	7062	7062	
6	1177	7074	7074	
6	1181	2366	2366	
6	1183	7110	7110	
6	1187	7134	7134	
6	1189	7146	7146	
6	1193	7170	7170	
6	1195	2394	2394	
6	1199	7206	7206	
6	1201	7218	7218	
6	1205	7242	7242	
6	1207	7254	7254	
6	1211	7278	7278	
6	1213	7290	7290	
6	1217	2438	2438	
6	1219	7326	7326	
6	1223	7350	7350	
6	1225	7362	7362	
6	1229	7386	7386	
6	1231	2466	2466	
6	1235	7422	7422	
6	1237	7434	7434	
6	1241	7458	7458	
6	1243	7470	7470	
6	1247	7494	7494	
6	1249	7506	7506	
6	1253	2510	2510	
6	1255	7542	7542	
6	1259	7566	7566	
6	1261	7578	7578	
6	1265	7602	7602	
9	10	78	78	
9	11	42	42	
9	13	48	48	
9	14	102	102	
9	16	114	114	
9	17	60	60	
9	19	66	66	
9	20	46	46	
9	22	150	150	
9	23	26	26	
9	25	84	84	
9	26	174	174	
9	28	186	186	
9	29	96	96	
9	31	34	34	
9	32	210	210	
9	34	74	74	
9	35	114	114	
9	37	120	120	
9	38	246	246	
9	40	258	258	
9	41	132	132	
9	43	138	138	
9	44	282	282	
9	46	294	294	
9	47	150	150	
9	49	156	156	
9	50	106	106	
9	52	330	330	
9	53	56	56	
9	55	58	58	
9	56	354	354	
9	58	122	122	
9	59	186	186	
9	61	192	192	
9	62	390	390	
9	64	402	402	
9	65	204	204	
9	67	210	210	
9	68	426	426	
9	70	438	438	
9	71	222	222	
9	73	228	228	
9	74	154	154	
9	76	474	474	
9	77	80	80	
9	79	246	246	
9	80	498	498	
9	82	510	510	
9	83	258	258	
9	85	88	88	
9	86	534	534	
9	88	182	182	
9	89	276	276	
9	91	282	282	
9	92	570	570	
9	94	582	582	
9	95	294	294	
9	97	300	300	
9	98	606	606	
9	100	618	618	
9	101	312	312	
9	103	318	318	
9	104	214	214	
9	106	654	654	
9	107	110	110	
9	109	112	112	
9	110	678	678	
9	112	230	230	
9	113	348	348	
9	115	354	354	
9	116	714	714	
9	118	726	726	
9	119	366	366	
9	121	372	372	
9	122	750	750	
9	124	762	762	
9	125	384	384	
9	127	390	390	
9	128	262	262	
9	130	798	798	
9	131	134	134	
9	133	408	408	
9	134	822	822	
9	136	834	834	
9	137	420	420	
9	139	142	142	
9	140	858	858	
9	142	290	290	
9	143	438	438	
9	145	444	444	
9	146	894	894	
9	148	906	906	
9	149	456	456	
9	151	462	462	
9	152	930	930	
9	154	942	942	
9	155	474	474	
9	157	480	480	
9	158	322	322	
9	160	978	978	
9	161	164	164	
9	163	166	166	
9	164	1002	1002	
9	166	338	338	
9	167	510	510	
9	169	516	516	
9	170	1038	1038	
9	172	1050	1050	
9	173	528	528	
9	175	534	534	
9	176	1074	1074	
9	178	1086	1086	
9	179	546	546	
9	181	552	552	
9	182	370	370	
9	184	1122	1122	
9	185	188	188	
9	187	570	570	
9	188	1146	1146	
9	190	1158	1158	
9	191	582	582	
9	193	196	196	
9	194	1182	1182	
9	196	398	398	
9	197	600	600	
9	199	606	606	
9	200	1218	1218	
9	202	1230	1230	
9	203	618	618	
9	205	624	624	
9	206	1254	1254	
9	208	1266	1266	
9	209	636	636	
9	211	642	642	
9	212	430	430	
9	214	1302	1302	
9	215	218	218	
9	217	220	220	
9	218	1326	1326	
9	220	446	446	
9	221	672	672	
9	223	678	678	
9	224	1362	1362	
9	226	1374	1374	
9	227	690	690	
9	229	696	696	
9	230	1398	1398	
9	232	1410	1410	
9	233	708	708	
9	235	714	714	
9	236	478	478	
9	238	1446	1446	
9	239	242	242	
9	241	732	732	
9	242	1470	1470	
9	244	1482	1482	
9	245	744	744	
9	247	250	250	
9	248	1506	1506	
9	250	506	506	
9	251	762	762	
9	253	768	768	
9	254	1542	1542	
9	256	1554	1554	
9	257	780	780	
9	259	786	786	
9	260	1578	1578	
9	262	1590	1590	
9	263	798	798	
9	265	804	804	
9	266	538	538	
9	268	1626	1626	
9	269	272	272	
9	271	274	274	
9	272	1650	1650	
9	274	554	554	
9	275	834	834	
9	277	840	840	
9	278	1686	1686	
9	280	1698	1698	
9	281	852	852	
9	283	858	858	
9	284	1722	1722	
9	286	1734	1734	
9	287	870	870	
9	289	876	876	
9	290	586	586	
9	292	1770	1770	
9	293	296	296	
9	295	894	894	
9	296	1794	1794	
9	298	1806	1806	
9	299	906	906	
9	301	304	304	
9	302	1830	1830	
9	304	614	614	
9	305	924	924	
9	307	930	930	
9	308	1866	1866	
9	310	1878	1878	
9	311	942	942	
9	313	948	948	
9	314	1902	1902	
9	316	1914	1914	
9	317	960	960	
9	319	966	966	
9	320	646	646	
9	322	1950	1950	
9	323	326	326	
9	325	328	328	
9	326	1974	1974	
9	328	662	662	
9	329	996	996	
9	331	1002	1002	
9	332	2010	2010	
9	334	2022	2022	
9	335	1014	1014	
9	337	1020	1020	
9	338	2046	2046	
9	340	2058	2058	
9	341	1032	1032	
9	343	1038	1038	
9	344	694	694	
9	346	2094	2094	
9	347	350	350	
9	349	1056	1056	
9	350	2118	2118	
9	352	2130	2130	
9	353	1068	1068	
9	355	358	358	
9	356	2154	2154	
9	358	722	722	
9	359	1086	1086	
9	361	1092	1092	
9	362	2190	2190	
9	364	2202	2202	
9	365	1104	1104	
9	367	1110	1110	
9	368	2226	2226	
9	370	2238	2238	
9	371	1122	1122	
9	373	1128	1128	
9	374	754	754	
9	376	2274	2274	
9	377	380	380	
9	379	382	382	
9	380	2298	2298	
9	382	770	770	
9	383	1158	1158	
9	385	1164	1164	
9	386	2334	2334	
9	388	2346	2346	
9	389	1176	1176	
9	391	1182	1182	
9	392	2370	2370	
9	394	2382	2382	
9	395	1194	1194	
9	397	1200	1200	
9	398	802	802	
9	400	2418	2418	
9	401	404	404	
9	403	1218	1218	
9	404	2442	2442	
9	406	2454	2454	
9	407	1230	1230	
9	409	412	412	
9	410	2478	2478	
9	412	830	830	
9	413	1248	1248	
9	415	1254	1254	
9	416	2514	2514	
9	418	2526	2526	
9	419	1266	1266	
9	421	1272	1272	
9	422	2550	2550	
9	424	2562	2562	
9	425	1284	1284	
9	427	1290	1290	
9	428	862	862	
9	430	2598	2598	
9	431	434	434	
9	433	436	436	
9	434	2622	2622	
9	436	878	878	
9	437	1320	1320	
9	439	1326	1326	
9	440	2658	2658	
9	442	2670	2670	
9	443	1338	1338	
9	445	1344	1344	
9	446	2694	2694	
9	448	2706	2706	
9	449	1356	1356	
9	451	1362	1362	
9	452	910	910	
9	454	2742	2742	
9	455	458	458	
9	457	1380	1380	
9	458	2766	2766	
9	460	2778	2778	
9	461	1392	1392	
9	463	466	466	
9	464	2802	2802	
9	466	938	938	
9	467	1410	1410	
9	469	1416	1416	
9	470	2838	2838	
9	472	2850	2850	
9	473	1428	1428	
9	475	1434	1434	
9	476	2874	2874	
9	478	2886	2886	
9	479	1446	1446	
9	481	1452	1452	
9	482	970	970	
9	484	2922	2922	
9	485	488	488	
9	487	490	490	
9	488	2946	2946	
9	490	986	986	
9	491	1482	1482	
9	493	1488	1488	
9	494	2982	2982	
9	496	2994	2994	
9	497	1500	1500	
9	499	1506	1506	
9	500	3018	3018	
9	502	3030	3030	
9	503	1518	1518	
9	505	1524	1524	
9	506	1018	1018	
9	508	3066	3066	
9	509	512	512	
9	511	1542	1542	
9	512	3090	3090	
9	514	3102	3102	
9	515	1554	1554	
9	517	520	520	
9	518	3126	3126	
9	520	1046	1046	
9	521	1572	1572	
9	523	1578	1578	
9	524	3162	3162	
9	526	3174	3174	
9	527	1590	1590	
9	529	1596	1596	
9	530	3198	3198	
9	532	3210	3210	
9	533	1608	1608	
9	535	1614	1614	
9	536	1078	1078	
9	538	3246	3246	
9	539	542	542	
9	541	544	544	
9	542	3270	3270	
9	544	1094	1094	
9	545	1644	1644	
9	547	1650	1650	
9	548	3306	3306	
9	550	3318	3318	
9	551	1662	1662	
9	553	1668	1668	
9	554	3342	3342	
9	556	3354	3354	
9	557	1680	1680	
9	559	1686	1686	
9	560	1126	1126	
9	562	3390	3390	
9	563	566	566	
9	565	1704	1704	
9	566	3414	3414	
9	568	3426	3426	
9	569	1716	1716	
9	571	574	574	
9	572	3450	3450	
9	574	1154	1154	
9	575	1734	1734	
9	577	1740	1740	
9	578	3486	3486	
9	580	3498	3498	
9	581	1752	1752	
9	583	1758	1758	
9	584	3522	3522	
9	586	3534	3534	
9	587	1770	1770	
9	589	1776	1776	
9	590	1186	1186	
9	592	3570	3570	
9	593	596	596	
9	595	598	598	
9	596	3594	3594	
9	598	1202	1202	
9	599	1806	1806	
9	601	1812	1812	
9	602	3630	3630	
9	604	3642	3642	
9	605	1824	1824	
9	607	1830	1830	
9	608	3666	3666	
9	610	3678	3678	
9	611	1842	1842	
9	613	1848	1848	
9	614	1234	1234	
9	616	3714	3714	
9	617	620	620	
9	619	1866	1866	
9	620	3738	3738	
9	622	3750	3750	
9	623	1878	1878	
9	625	628	628	
9	626	3774	3774	
9	628	1262	1262	
9	629	1896	1896	
9	631	1902	1902	
9	632	3810	3810	
9	634	3822	3822	
9	635	1914	1914	
9	637	1920	1920	
9	638	3846	3846	
12	13	102	102	
12	17	126	126	
12	19	138	138	
12	23	162	162	
12	25	174	174	
12	29	66	66	
12	31	210	210	
12	35	234	234	
12	37	246	246	
12	41	270	270	
12	43	94	94	
12	47	306	306	
12	49	318	318	
12	53	342	342	
12	55	354	354	
12	59	378	378	
12	61	130	130	
12	65	414	414	
12	67	426	426	
12	71	450	450	
12	73	462	462	
12	77	486	486	
12	79	498	498	
12	83	174	174	
12	85	534	534	
12	89	558	558	
12	91	570	570	
12	95	594	594	
12	97	606	606	
12	101	210	210	
12	103	642	642	
12	107	666	666	
12	109	678	678	
12	113	702	702	
12	115	238	238	
12	119	738	738	
12	121	750	750	
12	125	774	774	
12	127	786	786	
12	131	810	810	
12	133	274	274	
12	137	846	846	
12	139	858	858	
12	143	882	882	
12	145	894	894	
12	149	918	918	
12	151	930	930	
12	155	318	318	
12	157	966	966	
12	161	990	990	
12	163	1002	1002	
12	167	1026	1026	
12	169	1038	1038	
12	173	354	354	
12	175	1074	1074	
12	179	1098	1098	
12	181	1110	1110	
12	185	1134	1134	
12	187	382	382	
12	191	1170	1170	
12	193	1182	1182	
12	197	1206	1206	
12	199	1218	1218	
12	203	1242	1242	
12	205	418	418	
12	209	1278	1278	
12	211	1290	1290	
12	215	1314	1314	
12	217	1326	1326	
12	221	1350	1350	
12	223	1362	1362	
12	227	462	462	
12	229	1398	1398	
12	233	1422	1422	
12	235	1434	1434	
12	239	1458	1458	
12	241	1470	1470	
12	245	498	498	
12	247	1506	1506	
12	251	1530	1530	
12	253	1542	1542	
12	257	1566	1566	
12	259	526	526	
12	263	1602	1602	
12	265	1614	1614	
12	269	1638	1638	
12	271	1650	1650	
12	275	1674	1674	
12	277	562	562	
12	281	1710	1710	
12	283	1722	1722	
12	287	1746	1746	
12	289	1758	1758	
12	293	1782	1782	
12	295	1794	1794	
12	299	606	606	
12	301	1830	1830	
12	305	1854	1854	
12	307	1866	1866	
12	311	1890	1890	
12	313	1902	1902	
12	317	642	642	
12	319	1938	1938	
12	323	1962	1962	
12	325	1974	1974	
12	329	1998	1998	
12	331	670	670	
12	335	2034	2034	
12	337	2046	2046	
12	341	2070	2070	
12	343	2082	2082	
12	347	2106	2106	
12	349	706	706	
12	353	2142	2142	
12	355	2154	2154	
12	359	2178	2178	
12	361	2190	2190	
12	365	2214	2214	
12	367	2226	2226	
12	371	750	750	
12	373	2262	2262	
12	377	2286	2286	
12	379	2298	2298	
12	383	2322	2322	
12	385	2334	2334	
12	389	786	786	
12	391	2370	2370	
12	395	2394	2394	
12	397	2406	2406	
12	401	2430	2430	
12	403	814	814	
12	407	2466	2466	
12	409	2478	2478	
12	413	2502	2502	
12	415	2514	2514	
12	419	2538	2538	
12	421	850	850	
12	425	2574	2574	
12	427	2586	2586	
12	431	2610	2610	
12	433	2622	2622	
12	437	2646	2646	
12	439	2658	2658	
12	443	894	894	
12	445	2694	2694	
12	449	2718	2718	
12	451	2730	2730	
12	455	2754	2754	
12	457	2766	2766	
12	461	930	930	
12	463	2802	2802	
12	467	2826	2826	
12	469	2838	2838	
12	473	2862	2862	
12	475	958	958	
12	479	2898	2898	
12	481	2910	2910	
12	485	2934	2934	
12	487	2946	2946	
12	491	2970	2970	
12	493	994	994	
12	497	3006	3006	
12	499	3018	3018	
12	503	3042	3042	
12	505	3054	3054	
12	509	3078	3078	
12	511	3090	3090	
12	515	1038	1038	
12	517	3126	3126	
12	521	3150	3150	
12	523	3162	3162	
12	527	3186	3186	
12	529	3198	3198	
12	533	1074	1074	
12	535	3234	3234	
12	539	3258	3258	
12	541	3270	3270	
12	545	3294	3294	
12	547	1102	1102	
12	551	3330	3330	
12	553	3342	3342	
12	557	3366	3366	
12	559	3378	3378	
12	563	3402	3402	
12	565	1138	1138	
12	569	3438	3438	
12	571	3450	3450	
12	575	3474	3474	
12	577	3486	3486	
12	581	3510	3510	
12	583	3522	3522	
12	587	1182	1182	
12	589	3558	3558	
12	593	3582	3582	
12	595	3594	3594	
12	599	3618	3618	
12	601	3630	3630	
12	605	1218	1218	
12	607	3666	3666	
12	611	3690	3690	
12	613	3702	3702	
12	617	3726	3726	
12	619	1246	1246	
12	623	3762	3762	
12	625	3774	3774	
12	629	3798	3798	
12	631	3810	3810	
12	635	3834	3834	
12	637	1282	1282	
12	641	3870	3870	
12	643	3882	3882	
12	647	3906	3906	
12	649	3918	3918	
12	653	3942	3942	
12	655	3954	3954	
12	659	1326	1326	
12	661	3990	3990	
12	665	4014	4014	
12	667	4026	4026	
12	671	4050	4050	
12	673	4062	4062	
12	677	1362	1362	
12	679	4098	4098	
12	683	4122	4122	
12	685	4134	4134	
12	689	4158	4158	
12	691	1390	1390	
12	695	4194	4194	
12	697	4206	4206	
12	701	4230	4230	
12	703	4242	4242	
12	707	4266	4266	
12	709	1426	1426	
12	713	4302	4302	
12	715	4314	4314	
12	719	4338	4338	
12	721	4350	4350	
12	725	4374	4374	
12	727	4386	4386	
12	731	1470	1470	
12	733	4422	4422	
12	737	4446	4446	
12	739	4458	4458	
12	743	4482	4482	
12	745	4494	4494	
12	749	1506	1506	
12	751	4530	4530	
12	755	4554	4554	
12	757	4566	4566	
12	761	4590	4590	
12	763	1534	1534	
12	767	4626	4626	
12	769	4638	4638	
12	773	4662	4662	
12	775	4674	4674	
12	779	4698	4698	
12	781	1570	1570	
12	785	4734	4734	
12	787	4746	4746	
12	791	4770	4770	
12	793	4782	4782	
12	797	4806	4806	
12	799	4818	4818	
12	803	1614	1614	
12	805	4854	4854	
12	809	4878	4878	
12	811	4890	4890	
12	815	4914	4914	
12	817	4926	4926	
12	821	1650	1650	
12	823	4962	4962	
12	827	4986	4986	
12	829	4998	4998	
12	833	5022	5022	
12	835	1678	1678	
12	839	5058	5058	
12	841	5070	5070	
12	845	5094	5094	
12	847	5106	5106	
12	851	5130	5130	
12	853	1714	1714	
12	857	5166	5166	
12	859	5178	5178	
12	863	5202	5202	
12	865	5214	5214	
12	869	5238	5238	
12	871	5250	5250	
12	875	1758	1758	
12	877	5286	5286	
12	881	5310	5310	
12	883	5322	5322	
12	887	5346	5346	
12	889	5358	5358	
12	893	1794	1794	
12	895	5394	5394	
12	899	5418	5418	
12	901	5430	5430	
12	905	5454	5454	
12	907	1822	1822	
12	911	5490	5490	
12	913	5502	5502	
12	917	5526	5526	
12	919	5538	5538	
12	923	5562	5562	
12	925	1858	1858	
12	929	5598	5598	
12	931	5610	5610	
12	935	5634	5634	
12	937	5646	5646	
12	941	5670	5670	
12	943	5682	5682	
12	947	1902	1902	
12	949	5718	5718	
12	953	5742	5742	
12	955	5754	5754	
12	959	5778	5778	
12	961	5790	5790	
12	965	1938	1938	
12	967	5826	5826	
12	971	5850	5850	
12	973	5862	5862	
12	977	5886	5886	
12	979	1966	1966	
12	983	5922	5922	
12	985	5934	5934	
12	989	5958	5958	
12	991	5970	5970	
12	995	5994	5994	
12	997	2002	2002	
12	1001	6030	6030	
12	1003	6042	6042	
12	1007	6066	6066	
12	1009	6078	6078	
12	1013	6102	6102	
12	1015	6114	6114	
12	1019	2046	2046	
12	1021	6150	6150	
12	1025	6174	6174	
12	1027	6186	6186	
12	1031	6210	6210	
12	1033	6222	6222	
12	1037	2082	2082	
12	1039	6258	6258	
12	1043	6282	6282	
12	1045	6294	6294	
12	1049	6318	6318	
12	1051	2110	2110	
12	1055	6354	6354	
12	1057	6366	6366	
12	1061	6390	6390	
12	1063	6402	6402	
12	1067	6426	6426	
12	1069	2146	2146	
12	1073	6462	6462	
12	1075	6474	6474	
12	1079	6498	6498	
12	1081	6510	6510	
12	1085	6534	6534	
12	1087	6546	6546	
12	1091	2190	2190	
12	1093	6582	6582	
12	1097	6606	6606	
12	1099	6618	6618	
12	1103	6642	6642	
12	1105	6654	6654	
12	1109	2226	2226	
12	1111	6690	6690	
12	1115	6714	6714	
12	1117	6726	6726	
12	1121	6750	6750	
12	1123	2254	2254	
12	1127	6786	6786	
12	1129	6798	6798	
12	1133	6822	6822	
12	1135	6834	6834	
12	1139	6858	6858	
12	1141	2290	2290	
12	1145	6894	6894	
12	1147	6906	6906	
12	1151	6930	6930	
12	1153	6942	6942	
12	1157	6966	6966	
12	1159	6978	6978	
12	1163	2334	2334	
12	1165	7014	7014	
12	1169	7038	7038	
12	1171	7050	7050	
12	1175	7074	7074	
12	1177	7086	7086	
12	1181	2370	2370	
12	1183	7122	7122	
12	1187	7146	7146	
12	1189	7158	7158	
12	1193	7182	7182	
12	1195	2398	2398	
12	1199	7218	7218	
12	1201	7230	7230	
12	1205	7254	7254	
12	1207	7266	7266	
12	1211	7290	7290	
12	1213	2434	2434	
12	1217	7326	7326	
12	1219	7338	7338	
12	1223	7362	7362	
12	1225	7374	7374	
12	1229	7398	7398	
12	1231	7410	7410	
12	1235	2478	2478	
12	1237	7446	7446	
12	1241	7470	7470	
12	1243	7482	7482	
12	1247	7506	7506	
12	1249	7518	7518	
12	1253	2514	2514	
12	1255	7554	7554	
12	1259	7578	7578	
12	1261	7590	7590	
12	1265	7614	7614	
12	1267	2542	2542	
12	1271	7650	7650	
15	16	42	42	
15	17	66	66	
15	19	72	72	
15	22	162	162	
15	23	84	84	
15	26	186	186	
15	28	198	198	
15	29	102	102	
15	31	36	36	
15	32	74	74	
15	34	78	78	
15	37	126	126	
15	38	258	258	
15	41	46	46	
15	43	144	144	
15	44	294	294	
15	46	306	306	
15	47	156	156	
15	49	54	54	
15	52	342	342	
15	53	174	174	
15	56	122	122	
15	58	126	126	
15	59	64	64	
15	61	198	198	
15	62	402	402	
15	64	414	414	
15	67	216	216	
15	68	438	438	
15	71	228	228	
15	73	234	234	
15	74	158	158	
15	76	486	486	
15	77	82	82	
15	79	252	252	
15	82	174	174	
15	83	264	264	
15	86	546	546	
15	88	558	558	
15	89	282	282	
15	91	288	288	
15	92	582	582	
15	94	594	594	
15	97	306	306	
15	98	206	206	
15	101	318	318	
15	103	108	108	
15	104	654	654	
15	106	222	222	
15	107	336	336	
15	109	342	342	
15	112	702	702	
15	113	354	354	
15	116	726	726	
15	118	738	738	
15	119	372	372	
15	121	126	126	
15	122	254	254	
15	124	258	258	
15	127	396	396	
15	128	798	798	
15	131	136	136	
15	133	414	414	
15	134	834	834	
15	136	846	846	
15	137	426	426	
15	139	144	144	
15	142	882	882	
15	143	444	444	
15	146	302	302	
15	148	306	306	
15	149	154	154	
15	151	468	468	
15	152	942	942	
15	154	954	954	
15	157	486	486	
15	158	978	978	
15	161	498	498	
15	163	504	504	
15	164	338	338	
15	166	1026	1026	
15	167	172	172	
15	169	522	522	
15	172	354	354	
15	173	534	534	
15	176	1086	1086	
15	178	1098	1098	
15	179	552	552	
15	181	558	558	
15	182	1122	1122	
15	184	1134	1134	
15	187	576	576	
15	188	386	386	
15	191	588	588	
15	193	198	198	
15	194	1194	1194	
15	196	402	402	
15	197	606	606	
15	199	612	612	
15	202	1242	1242	
15	203	624	624	
15	206	1266	1266	
15	208	1278	1278	
15	209	642	642	
15	211	216	216	
15	212	434	434	
15	214	438	438	
15	217	666	666	
15	218	1338	1338	
15	221	226	226	
15	223	684	684	
15	224	1374	1374	
15	226	1386	1386	
15	227	696	696	
15	229	234	234	
15	232	1422	1422	
15	233	714	714	
15	236	482	482	
15	238	486	486	
15	239	244	244	
15	241	738	738	
15	242	1482	1482	
15	244	1494	1494	
15	247	756	756	
15	248	1518	1518	
15	251	768	768	
15	253	774	774	
15	254	518	518	
15	256	1566	1566	
15	257	262	262	
15	259	792	792	
15	262	534	534	
15	263	804	804	
15	266	1626	1626	
15	268	1638	1638	
15	269	822	822	
15	271	828	828	
15	272	1662	1662	
15	274	1674	1674	
15	277	846	846	
15	278	566	566	
15	281	858	858	
15	283	288	288	
15	284	1734	1734	
15	286	582	582	
15	287	876	876	
15	289	882	882	
15	292	1782	1782	
15	293	894	894	
15	296	1806	1806	
15	298	1818	1818	
15	299	912	912	
15	301	306	306	
15	302	614	614	
15	304	618	618	
15	307	936	936	
15	308	1878	1878	
15	311	316	316	
15	313	954	954	
15	314	1914	1914	
15	316	1926	1926	
15	317	966	966	
15	319	324	324	
15	322	1962	1962	
15	323	984	984	
15	326	662	662	
15	328	666	666	
15	329	334	334	
15	331	1008	1008	
15	332	2022	2022	
15	334	2034	2034	
15	337	1026	1026	
15	338	2058	2058	
15	341	1038	1038	
15	343	1044	1044	
15	344	698	698	
15	346	2106	2106	
15	347	352	352	
15	349	1062	1062	
15	352	714	714	
15	353	1074	1074	
15	356	2166	2166	
15	358	2178	2178	
15	359	1092	1092	
15	361	1098	1098	
15	362	2202	2202	
15	364	2214	2214	
15	367	1116	1116	
15	368	746	746	
15	371	1128	1128	
15	373	378	378	
15	374	2274	2274	
15	376	762	762	
15	377	1146	1146	
15	379	1152	1152	
15	382	2322	2322	
15	383	1164	1164	
15	386	2346	2346	
15	388	2358	2358	
15	389	1182	1182	
15	391	396	396	
15	392	794	794	
15	394	798	798	
15	397	1206	1206	
15	398	2418	2418	
15	401	406	406	
15	403	1224	1224	
15	404	2454	2454	
15	406	2466	2466	
15	407	1236	1236	
15	409	414	414	
15	412	2502	2502	
15	413	1254	1254	
15	416	842	842	
15	418	846	846	
15	419	424	424	
15	421	1278	1278	
15	422	2562	2562	
15	424	2574	2574	
15	427	1296	1296	
15	428	2598	2598	
15	431	1308	1308	
15	433	1314	1314	
15	434	878	878	
15	436	2646	2646	
15	437	442	442	
15	439	1332	1332	
15	442	894	894	
15	443	1344	1344	
15	446	2706	2706	
15	448	2718	2718	
15	449	1362	1362	
15	451	1368	1368	
15	452	2742	2742	
15	454	2754	2754	
15	457	1386	1386	
15	458	926	926	
15	461	1398	1398	
15	463	468	468	
15	464	2814	2814	
15	466	942	942	
15	467	1416	1416	
15	469	1422	1422	
15	472	2862	2862	
15	473	1434	1434	
15	476	2886	2886	
15	478	2898	2898	
15	479	1452	1452	
15	481	486	486	
15	482	974	974	
15	484	978	978	
15	487	1476	1476	
15	488	2958	2958	
15	491	496	496	
15	493	1494	1494	
15	494	2994	2994	
15	496	3006	3006	
15	497	1506	1506	
15	499	504	504	
15	502	3042	3042	
15	503	1524	1524	
15	506	1022	1022	
15	508	1026	1026	
15	509	514	514	
15	511	1548	1548	
15	512	3102	3102	
15	514	3114	3114	
15	517	1566	1566	
15	518	3138	3138	
15	521	1578	1578	
15	523	1584	1584	
15	524	1058	1058	
15	526	3186	3186	
15	527	532	532	
15	529	1602	1602	
15	532	1074	1074	
15	533	1614	1614	
15	536	3246	3246	
15	538	3258	3258	
15	539	1632	1632	
15	541	1638	1638	
15	542	3282	3282	
15	544	3294	3294	
15	547	1656	1656	
15	548	1106	1106	
15	551	1668	1668	
15	553	558	558	
15	554	3354	3354	
15	556	1122	1122	
15	557	1686	1686	
15	559	1692	1692	
15	562	3402	3402	
15	563	1704	1704	
15	566	3426	3426	
15	568	3438	3438	
15	569	1722	1722	
15	571	576	576	
15	572	1154	1154	
15	574	1158	1158	
15	577	1746	1746	
15	578	3498	3498	
15	581	586	586	
15	583	1764	1764	
15	584	3534	3534	
15	586	3546	3546	
15	587	1776	1776	
15	589	594	594	
15	592	3582	3582	
15	593	1794	1794	
15	596	1202	1202	
15	598	1206	1206	
15	599	604	604	
15	601	1818	1818	
15	602	3642	3642	
15	604	3654	3654	
15	607	1836	1836	
15	608	3678	3678	
15	611	1848	1848	
15	613	1854	1854	
15	614	1238	1238	
15	616	3726	3726	
15	617	622	622	
15	619	1872	1872	
15	622	1254	1254	
15	623	1884	1884	
15	626	3786	3786	
15	628	3798	3798	
15	629	1902	1902	
15	631	1908	1908	
15	632	3822	3822	
15	634	3834	3834	
15	637	1926	1926	
15	638	1286	1286	
15	641	1938	1938	
15	643	648	648	
15	644	3894	3894	
15	646	1302	1302	
15	647	1956	1956	
15	649	1962	1962	
15	652	3942	3942	
15	653	1974	1974	
15	656	3966	3966	
15	658	3978	3978	
15	659	1992	1992	
15	661	666	666	
15	662	1334	1334	
15	664	1338	1338	
15	667	2016	2016	
15	668	4038	4038	
15	671	676	676	
15	673	2034	2034	
15	674	4074	4074	
15	676	4086	4086	
15	677	2046	2046	
15	679	684	684	
15	682	4122	4122	
15	683	2064	2064	
15	686	1382	1382	
15	688	1386	1386	
15	689	694	694	
15	691	2088	2088	
15	692	4182	4182	
15	694	4194	4194	
15	697	2106	2106	
15	698	4218	4218	
15	701	2118	2118	
15	703	2124	2124	
15	704	1418	1418	
15	706	4266	4266	
15	707	712	712	
15	709	2142	2142	
15	712	1434	1434	
15	713	2154	2154	
15	716	4326	4326	
15	718	4338	4338	
15	719	2172	2172	
15	721	2178	2178	
15	722	4362	4362	
15	724	4374	4374	
15	727	2196	2196	
15	728	1466	1466	
15	731	2208	2208	
15	733	738	738	
15	734	4434	4434	
15	736	1482	1482	
15	737	2226	2226	
15	739	2232	2232	
15	742	4482	4482	
15	743	2244	2244	
15	746	4506	4506	
15	748	4518	4518	
15	749	2262	2262	
15	751	756	756	
15	752	1514	1514	
15	754	1518	1518	
15	757	2286	2286	
15	758	4578	4578	
15	761	766	766	
15	763	2304	2304	
15	764	4614	4614	
15	766	4626	4626	
15	767	2316	2316	
15	769	774	774	
15	772	4662	4662	
15	773	2334	2334	
15	776	1562	1562	
15	778	1566	1566	
15	779	784	784	
15	781	2358	2358	
15	782	4722	4722	
15	784	4734	4734	
15	787	2376	2376	
15	788	4758	4758	
15	791	2388	2388	
15	793	2394	2394	
15	794	1598	1598	
15	796	4806	4806	
15	797	802	802	
15	799	2412	2412	
15	802	1614	1614	
18	19	150	150	
18	23	58	58	
18	25	186	186	
18	29	210	210	
18	31	222	222	
18	35	246	246	
18	37	258	258	
18	41	282	282	
18	43	98	98	
18	47	106	106	
18	49	330	330	
18	53	354	354	
18	55	366	366	
18	59	390	390	
18	61	134	134	
18	65	142	142	
18	67	438	438	
18	71	462	462	
18	73	474	474	
18	77	498	498	
18	79	510	510	
18	83	534	534	
18	85	182	182	
18	89	570	570	
18	91	582	582	
18	95	606	606	
18	97	618	618	
18	101	642	642	
18	103	218	218	
18	107	678	678	
18	109	690	690	
18	113	238	238	
18	115	726	726	
18	119	750	750	
18	121	762	762	
18	125	786	786	
18	127	798	798	
18	131	274	274	
18	133	834	834	
18	137	858	858	
18	139	870	870	
18	143	894	894	
18	145	906	906	
18	149	930	930	
18	151	314	314	
18	155	322	322	
18	157	978	978	
18	161	1002	1002	
18	163	1014	1014	
18	167	1038	1038	
18	169	350	350	
18	173	358	358	
18	175	1086	1086	
18	179	1110	1110	
18	181	1122	1122	
18	185	1146	1146	
18	187	1158	1158	
18	191	1182	1182	
18	193	398	398	
18	197	1218	1218	
18	199	1230	1230	
18	203	1254	1254	
18	205	1266	1266	
18	209	1290	1290	
18	211	434	434	
18	215	1326	1326	
18	217	1338	1338	
18	221	454	454	
18	223	1374	1374	
18	227	1398	1398	
18	229	1410	1410	
18	233	1434	1434	
18	235	1446	1446	
18	239	490	490	
18	241	1482	1482	
18	245	1506	1506	
18	247	1518	1518	
18	251	1542	1542	
18	253	1554	1554	
18	257	1578	1578	
18	259	530	530	
18	263	538	538	
18	265	1626	1626	
18	269	1650	1650	
18	271	1662	1662	
18	275	1686	1686	
18	277	566	566	
18	281	574	574	
18	283	1734	1734	
18	287	1758	1758	
18	289	1770	1770	
18	293	1794	1794	
18	295	1806	1806	
18	299	1830	1830	
18	301	614	614	
18	305	1866	1866	
18	307	1878	1878	
18	311	1902	1902	
18	313	1914	1914	
18	317	1938	1938	
18	319	650	650	
18	323	1974	1974	
18	325	1986	1986	
18	329	670	670	
18	331	2022	2022	
18	335	2046	2046	
18	337	2058	2058	
18	341	2082	2082	
18	343	2094	2094	
18	347	706	706	
18	349	2130	2130	
18	353	2154	2154	
18	355	2166	2166	
18	359	2190	2190	
18	361	2202	2202	
18	365	2226	2226	
18	367	746	746	
18	371	754	754	
18	373	2274	2274	
18	377	2298	2298	
18	379	2310	2310	
18	383	2334	2334	
18	385	782	782	
18	389	790	790	
18	391	2382	2382	
18	395	2406	2406	
18	397	2418	2418	
18	401	2442	2442	
18	403	2454	2454	
18	407	2478	2478	
18	409	830	830	
18	413	2514	2514	
18	415	2526	2526	
18	419	2550	2550	
18	421	2562	2562	
18	425	2586	2586	
18	427	866	866	
18	431	2622	2622	
18	433	2634	2634	
18	437	886	886	
18	439	2670	2670	
18	443	2694	2694	
18	445	2706	2706	
18	449	2730	2730	
18	451	2742	2742	
18	455	922	922	
18	457	2778	2778	
18	461	2802	2802	
18	463	2814	2814	
18	467	2838	2838	
18	469	2850	2850	
18	473	2874	2874	
18	475	962	962	
18	479	970	970	
18	481	2922	2922	
18	485	2946	2946	
18	487	2958	2958	
18	491	2982	2982	
18	493	998	998	
18	497	1006	1006	
18	499	3030	3030	
18	503	3054	3054	
18	505	3066	3066	
18	509	3090	3090	
18	511	3102	3102	
18	515	3126	3126	
18	517	1046	1046	
18	521	3162	3162	
18	523	3174	3174	
18	527	3198	3198	
18	529	3210	3210	
18	533	3234	3234	
18	535	1082	1082	
18	539	3270	3270	
18	541	3282	3282	
18	545	1102	1102	
18	547	3318	3318	
18	551	3342	3342	
18	553	3354	3354	
18	557	3378	3378	
18	559	3390	3390	
18	563	1138	1138	
18	565	3426	3426	
18	569	3450	3450	
18	571	3462	3462	
18	575	3486	3486	
18	577	3498	3498	
18	581	3522	3522	
18	583	1178	1178	
18	587	1186	1186	
18	589	3570	3570	
18	593	3594	3594	
18	595	3606	3606	
18	599	3630	3630	
18	601	1214	1214	
18	605	1222	1222	
18	607	3678	3678	
18	611	3702	3702	
18	613	3714	3714	
18	617	3738	3738	
18	619	3750	3750	
18	623	3774	3774	
18	625	1262	1262	
18	629	3810	3810	
18	631	3822	3822	
18	635	3846	3846	
18	637	3858	3858	
18	641	3882	3882	
18	643	1298	1298	
18	647	3918	3918	
18	649	3930	3930	
18	653	1318	1318	
18	655	3966	3966	
18	659	3990	3990	
18	661	4002	4002	
18	665	4026	4026	
18	667	4038	4038	
18	671	1354	1354	
18	673	4074	4074	
18	677	4098	4098	
18	679	4110	4110	
18	683	4134	4134	
18	685	4146	4146	
18	689	4170	4170	
18	691	1394	1394	
18	695	1402	1402	
18	697	4218	4218	
18	701	4242	4242	
18	703	4254	4254	
18	707	4278	4278	
18	709	1430	1430	
18	713	1438	1438	
18	715	4326	4326	
18	719	4350	4350	
18	721	4362	4362	
18	725	4386	4386	
18	727	4398	4398	
18	731	4422	4422	
18	733	1478	1478	
18	737	4458	4458	
18	739	4470	4470	
18	743	4494	4494	
18	745	4506	4506	
18	749	4530	4530	
18	751	1514	1514	
18	755	4566	4566	
18	757	4578	4578	
18	761	1534	1534	
18	763	4614	4614	
18	767	4638	4638	
18	769	4650	4650	
18	773	4674	4674	
18	775	4686	4686	
18	779	1570	1570	
18	781	4722	4722	
18	785	4746	4746	
18	787	4758	4758	
18	791	4782	4782	
18	793	4794	4794	
18	797	4818	4818	
18	799	1610	1610	
18	803	1618	1618	
18	805	4866	4866	
18	809	4890	4890	
18	811	4902	4902	
18	815	4926	4926	
18	817	1646	1646	
18	821	1654	1654	
18	823	4974	4974	
18	827	4998	4998	
18	829	5010	5010	
18	833	5034	5034	
18	835	5046	5046	
18	839	5070	5070	
18	841	1694	1694	
18	845	5106	5106	
18	847	5118	5118	
18	851	5142	5142	
18	853	5154	5154	
18	857	5178	5178	
18	859	1730	1730	
18	863	5214	5214	
18	865	5226	5226	
18	869	1750	1750	
18	871	5262	5262	
18	875	5286	5286	
18	877	5298	5298	
18	881	5322	5322	
18	883	5334	5334	
18	887	1786	1786	
18	889	5370	5370	
18	893	5394	5394	
18	895	5406	5406	
18	899	5430	5430	
18	901	5442	5442	
18	905	5466	5466	
18	907	1826	1826	
18	911	1834	1834	
18	913	5514	5514	
18	917	5538	5538	
18	919	5550	5550	
18	923	5574	5574	
18	925	1862	1862	
18	929	1870	1870	
18	931	5622	5622	
18	935	5646	5646	
18	937	5658	5658	
18	941	5682	5682	
18	943	5694	5694	
18	947	5718	5718	
18	949	1910	1910	
18	953	5754	5754	
18	955	5766	5766	
18	959	5790	5790	
18	961	5802	5802	
18	965	5826	5826	
18	967	1946	1946	
18	971	5862	5862	
18	973	5874	5874	
18	977	1966	1966	
18	979	5910	5910	
18	983	5934	5934	
18	985	5946	5946	
18	989	5970	5970	
18	991	5982	5982	
18	995	2002	2002	
18	997	6018	6018	
18	1001	6042	6042	
18	1003	6054	6054	
18	1007	6078	6078	
18	1009	6090	6090	
18	1013	6114	6114	
18	1015	2042	2042	
18	1019	2050	2050	
18	1021	6162	6162	
18	1025	6186	6186	
18	1027	6198	6198	
18	1031	6222	6222	
18	1033	2078	2078	
18	1037	2086	2086	
18	1039	6270	6270	
18	1043	6294	6294	
18	1045	6306	6306	
18	1049	6330	6330	
18	1051	6342	6342	
18	1055	6366	6366	
18	1057	2126	2126	
18	1061	6402	6402	
18	1063	6414	6414	
18	1067	6438	6438	
18	1069	6450	6450	
18	1073	6474	6474	
18	1075	2162	2162	
18	1079	6510	6510	
18	1081	6522	6522	
18	1085	2182	2182	
18	1087	6558	6558	
18	1091	6582	6582	
18	1093	6594	6594	
18	1097	6618	6618	
18	1099	6630	6630	
18	1103	2218	2218	
18	1105	6666	6666	
18	1109	6690	6690	
18	1111	6702	6702	
18	1115	6726	6726	
18	1117	6738	6738	
18	1121	6762	6762	
18	1123	2258	2258	
18	1127	2266	2266	
18	1129	6810	6810	
18	1133	6834	6834	
18	1135	6846	6846	
18	1139	6870	6870	
18	1141	2294	2294	
18	1145	2302	2302	
18	1147	6918	6918	
18	1151	6942	6942	
18	1153	6954	6954	
18	1157	6978	6978	
18	1159	6990	6990	
18	1163	7014	7014	
18	1165	2342	2342	
18	1169	7050	7050	
18	1171	7062	7062	
18	1175	7086	7086	
18	1177	7098	7098	
18	1181	7122	7122	
18	1183	2378	2378	
18	1187	7158	7158	
18	1189	7170	7170	
18	1193	2398	2398	
18	1195	7206	7206	
18	1199	7230	7230	
18	1201	7242	7242	
18	1205	7266	7266	
18	1207	7278	7278	
18	1211	2434	2434	
18	1213	7314	7314	
18	1217	7338	7338	
18	1219	7350	7350	
18	1223	7374	7374	
18	1225	7386	7386	
18	1229	7410	7410	
18	1231	2474	2474	
18	1235	2482	2482	
18	1237	7458	7458	
18	1241	7482	7482	
18	1243	7494	7494	
18	1247	7518	7518	
18	1249	2510	2510	
18	1253	2518	2518	
18	1255	7566	7566	
18	1259	7590	7590	
18	1261	7602	7602	
18	1265	7626	7626	
18	1267	7638	7638	
18	1271	7662	7662	
18	1273	2558	2558	
18	1277	7698	7698	
21	22	174	174	
21	23	30	30	
21	25	96	96	
21	26	198	198	
21	29	108	108	
21	31	114	114	
21	32	234	234	
21	34	246	246	
21	37	132	132	
21	38	90	90	
21	40	94	94	
21	41	48	48	
21	43	150	150	
21	44	306	306	
21	46	318	318	
21	47	162	162	
21	50	342	342	
21	52	354	354	
21	53	180	180	
21	55	186	186	
21	58	390	390	
21	59	66	66	
21	61	204	204	
21	62	414	414	
21	64	426	426	
21	65	216	216	
21	67	74	74	
21	68	450	450	
21	71	234	234	
21	73	240	240	
21	74	486	486	
21	76	498	498	
21	79	258	258	
21	80	522	522	
21	82	534	534	
21	83	270	270	
21	85	92	92	
21	86	186	186	
21	88	190	190	
21	89	288	288	
21	92	594	594	
21	94	606	606	
21	95	306	306	
21	97	312	312	
21	100	642	642	
21	101	324	324	
21	103	110	110	
21	104	666	666	
21	106	226	226	
21	107	342	342	
21	109	348	348	
21	110	234	234	
21	113	360	360	
21	115	366	366	
21	116	246	246	
21	118	750	750	
21	121	128	128	
21	122	774	774	
21	124	786	786	
21	125	396	396	
21	127	402	402	
21	128	810	810	
21	130	822	822	
21	131	138	138	
21	134	846	846	
21	136	286	286	
21	137	432	432	
21	139	438	438	
21	142	298	298	
21	143	450	450	
21	145	456	456	
21	146	306	306	
21	148	930	930	
21	149	156	156	
21	151	474	474	
21	152	954	954	
21	155	486	486	
21	157	492	492	
21	158	990	990	
21	160	1002	1002	
21	163	510	510	
21	164	342	342	
21	166	346	346	
21	167	174	174	
21	169	528	528	
21	170	1062	1062	
21	172	1074	1074	
21	173	540	540	
21	176	1098	1098	
21	178	1110	1110	
21	179	558	558	
21	181	564	564	
21	184	1146	1146	
21	185	192	192	
21	187	582	582	
21	188	1170	1170	
21	190	1182	1182	
21	191	594	594	
21	193	200	200	
21	194	1206	1206	
21	197	612	612	
21	199	618	618	
21	200	1242	1242	
21	202	1254	1254	
21	205	636	636	
21	206	1278	1278	
21	208	1290	1290	
21	209	648	648	
21	211	218	218	
21	212	438	438	
21	214	442	442	
21	215	666	666	
21	218	1350	1350	
21	220	1362	1362	
21	221	684	684	
21	223	690	690	
21	226	1398	1398	
21	227	702	702	
21	229	236	236	
21	230	1422	1422	
21	232	478	478	
21	233	720	720	
21	235	726	726	
21	236	486	486	
21	239	738	738	
21	241	744	744	
21	242	498	498	
21	244	1506	1506	
21	247	254	254	
21	248	1530	1530	
21	250	1542	1542	
21	251	774	774	
21	253	780	780	
21	254	1566	1566	
21	256	1578	1578	
21	257	264	264	
21	260	1602	1602	
21	262	538	538	
21	263	810	810	
21	265	816	816	
21	268	550	550	
21	269	828	828	
21	271	834	834	
21	272	558	558	
21	274	1686	1686	
21	275	282	282	
21	277	852	852	
21	278	1710	1710	
21	281	864	864	
21	283	870	870	
21	284	1746	1746	
21	286	1758	1758	
21	289	888	888	
21	290	594	594	
21	292	598	598	
21	293	300	300	
21	295	906	906	
21	296	1818	1818	
21	298	1830	1830	
21	299	918	918	
21	302	1854	1854	
21	304	1866	1866	
21	305	936	936	
21	307	942	942	
21	310	1902	1902	
21	311	318	318	
21	313	960	960	
21	314	1926	1926	
21	316	1938	1938	
21	317	972	972	
21	319	326	326	
21	320	1962	1962	
21	323	990	990	
21	325	996	996	
21	326	1998	1998	
21	328	2010	2010	
21	331	1014	1014	
21	332	2034	2034	
21	334	2046	2046	
21	335	1026	1026	
21	337	344	344	
21	338	690	690	
21	340	694	694	
21	341	1044	1044	
21	344	2106	2106	
21	346	2118	2118	
21	347	1062	1062	
21	349	1068	1068	
21	352	2154	2154	
21	353	1080	1080	
21	355	362	362	
21	356	2178	2178	
21	358	730	730	
21	359	1098	1098	
21	361	1104	1104	
21	362	738	738	
21	365	1116	1116	
21	367	1122	1122	
21	368	750	750	
21	370	2262	2262	
21	373	380	380	
21	374	2286	2286	
21	376	2298	2298	
21	377	1152	1152	
21	379	1158	1158	
21	380	2322	2322	
21	382	2334	2334	
21	383	390	390	
21	386	2358	2358	
21	388	790	790	
21	389	1188	1188	
21	391	1194	1194	
21	394	802	802	
21	395	1206	1206	
21	397	1212	1212	
21	398	810	810	
21	400	2442	2442	
21	401	408	408	
21	403	1230	1230	
21	404	2466	2466	
21	407	1242	1242	
21	409	1248	1248	
21	410	2502	2502	
21	412	2514	2514	
21	415	1266	1266	
21	416	846	846	
21	418	850	850	
21	419	426	426	
21	421	1284	1284	
21	422	2574	2574	
21	424	2586	2586	
21	425	1296	1296	
21	428	2610	2610	
21	430	2622	2622	
21	431	1314	1314	
21	433	1320	1320	
21	436	2658	2658	
21	437	444	444	
21	439	1338	1338	
21	440	2682	2682	
21	442	2694	2694	
21	443	1350	1350	
21	445	452	452	
21	446	2718	2718	
21	449	1368	1368	
21	451	1374	1374	
21	452	2754	2754	
21	454	2766	2766	
21	457	1392	1392	
21	458	2790	2790	
21	460	2802	2802	
21	461	1404	1404	
21	463	470	470	
21	464	942	942	
21	466	946	946	
21	467	1422	1422	
21	470	2862	2862	
21	472	2874	2874	
21	473	1440	1440	
21	475	1446	1446	
21	478	2910	2910	
21	479	1458	1458	
21	481	488	488	
21	482	2934	2934	
21	484	982	982	
21	485	1476	1476	
21	487	1482	1482	
21	488	990	990	
21	491	1494	1494	
21	493	1500	1500	
21	494	1002	1002	
21	496	3018	3018	
21	499	506	506	
21	500	3042	3042	
21	502	3054	3054	
21	503	1530	1530	
21	505	1536	1536	
21	506	3078	3078	
21	508	3090	3090	
21	509	516	516	
21	512	3114	3114	
21	514	1042	1042	
21	515	1566	1566	
21	517	1572	1572	
21	520	1054	1054	
21	521	1584	1584	
21	523	1590	1590	
21	524	1062	1062	
21	526	3198	3198	
21	527	534	534	
21	529	1608	1608	
21	530	3222	3222	
21	533	1620	1620	
21	535	1626	1626	
21	536	3258	3258	
21	538	3270	3270	
21	541	1644	1644	
21	542	1098	1098	
21	544	1102	1102	
21	545	552	552	
21	547	1662	1662	
21	548	3330	3330	
21	550	3342	3342	
21	551	1674	1674	
21	554	3366	3366	
21	556	3378	3378	
21	557	1692	1692	
21	559	1698	1698	
21	562	3414	3414	
21	563	570	570	
21	565	1716	1716	
21	566	3438	3438	
21	568	3450	3450	
21	569	1728	1728	
21	571	578	578	
21	572	3474	3474	
21	575	1746	1746	
21	577	1752	1752	
21	578	3510	3510	
21	580	3522	3522	
21	583	1770	1770	
21	584	3546	3546	
21	586	3558	3558	
21	587	1782	1782	
21	589	596	596	
21	590	1194	1194	
21	592	1198	1198	
21	593	1800	1800	
21	596	3618	3618	
21	598	3630	3630	
21	599	1818	1818	
21	601	1824	1824	
21	604	3666	3666	
21	605	1836	1836	
21	607	614	614	
21	608	3690	3690	
21	610	1234	1234	
21	611	1854	1854	
21	613	1860	1860	
21	614	1242	1242	
21	617	1872	1872	
21	619	1878	1878	
21	620	1254	1254	
21	622	3774	3774	
21	625	632	632	
21	626	3798	3798	
21	628	3810	3810	
21	629	1908	1908	
21	631	1914	1914	
21	632	3834	3834	
21	634	3846	3846	
21	635	642	642	
21	638	3870	3870	
21	640	1294	1294	
21	641	1944	1944	
21	643	1950	1950	
21	646	1306	1306	
21	647	1962	1962	
21	649	1968	1968	
21	650	1314	1314	
21	652	3954	3954	
21	653	660	660	
21	655	1986	1986	
21	656	3978	3978	
21	659	1998	1998	
21	661	2004	2004	
21	662	4014	4014	
21	664	4026	4026	
21	667	2022	2022	
21	668	1350	1350	
21	670	1354	1354	
21	671	678	678	
21	673	2040	2040	
21	674	4086	4086	
21	676	4098	4098	
21	677	2052	2052	
21	680	4122	4122	
21	682	4134	4134	
21	683	2070	2070	
21	685	2076	2076	
21	688	4170	4170	
21	689	696	696	
21	691	2094	2094	
21	692	4194	4194	
21	694	4206	4206	
21	695	2106	2106	
21	697	704	704	
21	698	4230	4230	
21	701	2124	2124	
21	703	2130	2130	
21	704	4266	4266	
21	706	4278	4278	
21	709	2148	2148	
21	710	4302	4302	
21	712	4314	4314	
21	713	2160	2160	
21	715	722	722	
21	716	1446	1446	
21	718	1450	1450	
21	719	2178	2178	
21	722	4374	4374	
21	724	4386	4386	
21	725	2196	2196	
21	727	2202	2202	
21	730	4422	4422	
21	731	2214	2214	
21	733	740	740	
21	734	4446	4446	
21	736	1486	1486	
21	737	2232	2232	
21	739	2238	2238	
21	740	1494	1494	
21	743	2250	2250	
21	745	2256	2256	
21	746	1506	1506	
21	748	4530	4530	
21	751	758	758	
21	752	4554	4554	
21	754	4566	4566	
21	755	2286	2286	
24	25	66	66	
24	29	74	74	
24	31	234	234	
24	35	86	86	
24	37	270	270	
24	41	294	294	
24	43	102	102	
24	47	330	330	
24	49	342	342	
24	53	366	366	
24	55	378	378	
24	59	134	134	
24	61	414	414	
24	65	146	146	
24	67	450	450	
24	71	474	474	
24	73	486	486	
24	77	510	510	
24	79	174	174	
24	83	546	546	
24	85	186	186	
24	89	582	582	
24	91	594	594	
24	95	618	618	
24	97	630	630	
24	101	218	218	
24	103	666	666	
24	107	690	690	
24	109	234	234	
24	113	726	726	
24	115	246	246	
24	119	254	254	
24	121	774	774	
24	125	798	798	
24	127	810	810	
24	131	834	834	
24	133	846	846	
24	137	290	290	
24	139	882	882	
24	143	906	906	
24	145	918	918	
24	149	942	942	
24	151	318	318	
24	155	978	978	
24	157	990	990	
24	161	1014	1014	
24	163	1026	1026	
24	167	1050	1050	
24	169	354	354	
24	173	362	362	
24	175	1098	1098	
24	179	374	374	
24	181	1134	1134	
24	185	1158	1158	
24	187	390	390	
24	191	1194	1194	
24	193	1206	1206	
24	197	1230	1230	
24	199	1242	1242	
24	203	422	422	
24	205	1278	1278	
24	209	434	434	
24	211	1314	1314	
24	215	1338	1338	
24	217	1350	1350	
24	221	1374	1374	
24	223	462	462	
24	227	1410	1410	
24	229	474	474	
24	233	1446	1446	
24	235	1458	1458	
24	239	1482	1482	
24	241	1494	1494	
24	245	506	506	
24	247	1530	1530	
24	251	1554	1554	
24	253	522	522	
24	257	1590	1590	
24	259	534	534	
24	263	542	542	
24	265	1638	1638	
24	269	1662	1662	
24	271	1674	1674	
24	275	1698	1698	
24	277	1710	1710	
24	281	578	578	
24	283	1746	1746	
24	287	1770	1770	
24	289	1782	1782	
24	293	1806	1806	
24	295	606	606	
24	299	1842	1842	
24	301	1854	1854	
24	305	1878	1878	
24	307	1890	1890	
24	311	1914	1914	
24	313	642	642	
24	317	650	650	
24	319	1962	1962	
24	323	662	662	
24	325	1998	1998	
24	329	2022	2022	
24	331	678	678	
24	335	2058	2058	
24	337	2070	2070	
24	341	2094	2094	
24	343	2106	2106	
24	347	710	710	
24	349	2142	2142	
24	353	722	722	
24	355	2178	2178	
24	359	2202	2202	
24	361	2214	2214	
24	365	2238	2238	
24	367	750	750	
24	371	2274	2274	
24	373	762	762	
24	377	2310	2310	
24	379	2322	2322	
24	383	2346	2346	
24	385	2358	2358	
24	389	794	794	
24	391	2394	2394	
24	395	2418	2418	
24	397	810	810	
24	401	2454	2454	
24	403	822	822	
24	407	830	830	
24	409	2502	2502	
24	413	2526	2526	
24	415	2538	2538	
24	419	2562	2562	
24	421	2574	2574	
24	425	866	866	
24	427	2610	2610	
24	431	2634	2634	
24	433	2646	2646	
24	437	2670	2670	
24	439	894	894	
24	443	2706	2706	
24	445	2718	2718	
24	449	2742	2742	
24	451	2754	2754	
24	455	2778	2778	
24	457	930	930	
24	461	938	938	
24	463	2826	2826	
24	467	950	950	
24	469	2862	2862	
24	473	2886	2886	
24	475	966	966	
24	479	2922	2922	
24	481	2934	2934	
24	485	2958	2958	
24	487	2970	2970	
24	491	998	998	
24	493	3006	3006	
24	497	1010	1010	
24	499	3042	3042	
24	503	3066	3066	
24	505	3078	3078	
24	509	3102	3102	
24	511	1038	1038	
24	515	3138	3138	
24	517	1050	1050	
24	521	3174	3174	
24	523	3186	3186	
24	527	3210	3210	
24	529	3222	3222	
24	533	1082	1082	
24	535	3258	3258	
24	539	3282	3282	
24	541	1098	1098	
24	545	3318	3318	
24	547	1110	1110	
24	551	1118	1118	
24	553	3366	3366	
24	557	3390	3390	
24	559	3402	3402	
24	563	3426	3426	
24	565	3438	3438	
24	569	1154	1154	
24	571	3474	3474	
24	575	3498	3498	
24	577	3510	3510	
24	581	3534	3534	
24	583	1182	1182	
24	587	3570	3570	
24	589	3582	3582	
24	593	3606	3606	
24	595	3618	3618	
24	599	3642	3642	
24	601	1218	1218	
24	605	1226	1226	
24	607	3690	3690	
24	611	1238	1238	
24	613	3726	3726	
24	617	3750	3750	
24	619	1254	1254	
24	623	3786	3786	
24	625	3798	3798	
24	629	3822	3822	
24	631	3834	3834	
24	635	1286	1286	
24	637	3870	3870	
24	641	1298	1298	
24	643	3906	3906	
24	647	3930	3930	
24	649	3942	3942	
24	653	3966	3966	
24	655	1326	1326	
24	659	4002	4002	
24	661	1338	1338	
24	665	4038	4038	
24	667	4050	4050	
24	671	4074	4074	
24	673	4086	4086	
24	677	1370	1370	
24	679	4122	4122	
24	683	4146	4146	
24	685	1386	1386	
24	689	4182	4182	
24	691	1398	1398	
24	695	1406	1406	
24	697	4230	4230	
24	701	4254	4254	
24	703	4266	4266	
24	707	4290	4290	
24	709	4302	4302	
24	713	1442	1442	
24	715	4338	4338	
24	719	4362	4362	
24	721	4374	4374	
24	725	4398	4398	
24	727	1470	1470	
24	731	4434	4434	
24	733	4446	4446	
24	737	4470	4470	
24	739	4482	4482	
24	743	4506	4506	
24	745	1506	1506	
24	749	1514	1514	
24	751	4554	4554	
24	755	1526	1526	
24	757	4590	4590	
24	761	4614	4614	
24	763	1542	1542	
24	767	4650	4650	
24	769	4662	4662	
24	773	4686	4686	
24	775	4698	4698	
24	779	1574	1574	
24	781	4734	4734	
24	785	1586	1586	
24	787	4770	4770	
24	791	4794	4794	
24	793	4806	4806	
24	797	4830	4830	
24	799	1614	1614	
24	803	4866	4866	
24	805	1626	1626	
24	809	4902	4902	
24	811	4914	4914	
24	815	4938	4938	
24	817	4950	4950	
24	821	1658	1658	
24	823	4986	4986	
24	827	5010	5010	
24	829	1674	1674	
24	833	5046	5046	
24	835	1686	1686	
24	839	1694	1694	
24	841	5094	5094	
24	845	5118	5118	
24	847	5130	5130	
24	851	5154	5154	
24	853	5166	5166	
24	857	1730	1730	
24	859	5202	5202	
24	863	5226	5226	
24	865	5238	5238	
24	869	5262	5262	
24	871	1758	1758	
24	875	5298	5298	
24	877	5310	5310	
24	881	5334	5334	
24	883	5346	5346	
24	887	5370	5370	
24	889	1794	1794	
24	893	1802	1802	
24	895	5418	5418	
24	899	1814	1814	
24	901	5454	5454	
24	905	5478	5478	
24	907	1830	1830	
24	911	5514	5514	
24	913	5526	5526	
24	917	5550	5550	
24	919	5562	5562	
24	923	1862	1862	
24	925	5598	5598	
24	929	1874	1874	
24	931	5634	5634	
24	935	5658	5658	
24	937	5670	5670	
24	941	5694	5694	
24	943	1902	1902	
24	947	5730	5730	
24	949	1914	1914	
24	953	5766	5766	
24	955	5778	5778	
24	959	5802	5802	
24	961	5814	5814	
24	965	1946	1946	
24	967	5850	5850	
24	971	5874	5874	
24	973	1962	1962	
24	977	5910	5910	
24	979	1974	1974	
24	983	1982	1982	
24	985	5958	5958	
24	989	5982	5982	
24	991	5994	5994	
24	995	6018	6018	
24	997	6030	6030	
24	1001	2018	2018	
24	1003	6066	6066	
24	1007	6090	6090	
24	1009	6102	6102	
24	1013	6126	6126	
24	1015	2046	2046	
24	1019	6162	6162	
24	1021	6174	6174	
24	1025	6198	6198	
24	1027	6210	6210	
24	1031	6234	6234	
24	1033	2082	2082	
24	1037	2090	2090	
24	1039	6282	6282	
24	1043	2102	2102	
24	1045	6318	6318	
24	1049	6342	6342	
24	1051	2118	2118	
24	1055	6378	6378	
24	1057	6390	6390	
24	1061	6414	6414	
24	1063	6426	6426	
24	1067	2150	2150	
24	1069	6462	6462	
24	1073	2162	2162	
24	1075	6498	6498	
24	1079	6522	6522	
24	1081	6534	6534	
24	1085	6558	6558	
24	1087	2190	2190	
24	1091	6594	6594	
24	1093	2202	2202	
24	1097	6630	6630	
24	1099	6642	6642	
24	1103	6666	6666	
24	1105	6678	6678	
24	1109	2234	2234	
24	1111	6714	6714	
24	1115	6738	6738	
24	1117	2250	2250	
24	1121	6774	6774	
24	1123	2262	2262	
24	1127	2270	2270	
24	1129	6822	6822	
24	1133	6846	6846	
24	1135	6858	6858	
24	1139	6882	6882	
24	1141	6894	6894	
24	1145	2306	2306	
24	1147	6930	6930	
24	1151	6954	6954	
24	1153	6966	6966	
24	1157	6990	6990	
24	1159	2334	2334	
24	1163	7026	7026	
24	1165	7038	7038	
24	1169	7062	7062	
24	1171	7074	7074	
24	1175	7098	7098	
24	1177	2370	2370	
24	1181	2378	2378	
24	1183	7146	7146	
24	1187	2390	2390	
24	1189	7182	7182	
24	1193	7206	7206	
24	1195	2406	2406	
24	1199	7242	7242	
24	1201	7254	7254	
24	1205	7278	7278	
24	1207	7290	7290	
24	1211	2438	2438	
24	1213	7326	7326	
24	1217	2450	2450	
24	1219	7362	7362	
24	1223	7386	7386	
24	1225	7398	7398	
24	1229	7422	7422	
24	1231	2478	2478	
24	1235	7458	7458	
24	1237	2490	2490	
24	1241	7494	7494	
24	1243	7506	7506	
24	1247	7530	7530	
24	1249	7542	7542	
24	1253	2522	2522	
24	1255	7578	7578	
24	1259	7602	7602	
24	1261	2538	2538	
24	1265	7638	7638	
24	1267	2550	2550	
24	1271	2558	2558	
24	1273	7686	7686	
24	1277	7710	7710	
24	1279	7722	7722	
24	1283	7746	7746	
27	28	222	222	
27	29	114	114	
27	31	120	120	
27	32	246	246	
27	34	258	258	
27	35	44	44	
27	37	46	46	
27	38	282	282	
27	40	294	294	
27	41	150	150	
27	43	156	156	
27	44	318	318	
27	46	330	330	
27	47	168	168	
27	49	174	174	
27	50	354	354	
27	52	122	122	
27	53	186	186	
27	55	192	192	
27	56	390	390	
27	58	402	402	
27	59	68	68	
27	61	210	210	
27	62	426	426	
27	64	438	438	
27	65	222	222	
27	67	76	76	
27	68	462	462	
27	70	158	158	
27	71	240	240	
27	73	246	246	
27	74	498	498	
27	76	510	510	
27	77	86	86	
27	79	264	264	
27	80	534	534	
27	82	546	546	
27	83	276	276	
27	85	94	94	
27	86	570	570	
27	88	582	582	
27	89	294	294	
27	91	300	300	
27	92	202	202	
27	94	618	618	
27	95	104	104	
27	97	318	318	
27	98	642	642	
27	100	654	654	
27	101	330	330	
27	103	112	112	
27	104	678	678	
27	106	690	690	
27	107	348	348	
27	109	354	354	
27	110	238	238	
27	112	726	726	
27	113	366	366	
27	115	372	372	
27	116	750	750	
27	118	762	762	
27	119	384	384	
27	121	390	390	
27	122	786	786	
27	124	798	798	
27	125	134	134	
27	127	136	136	
27	128	822	822	
27	130	834	834	
27	131	420	420	
27	133	426	426	
27	134	858	858	
27	136	870	870	
27	137	438	438	
27	139	444	444	
27	140	298	298	
27	142	302	302	
27	143	456	456	
27	145	462	462	
27	146	930	930	
27	148	314	314	
27	149	474	474	
27	151	480	480	
27	152	966	966	
27	154	978	978	
27	155	492	492	
27	157	498	498	
27	158	334	334	
27	160	1014	1014	
27	161	170	170	
27	163	172	172	
27	164	1038	1038	
27	166	350	350	
27	167	528	528	
27	169	534	534	
27	170	1074	1074	
27	172	1086	1086	
27	173	546	546	
27	175	552	552	
27	176	370	370	
27	178	1122	1122	
27	179	564	564	
27	181	570	570	
27	182	382	382	
27	184	386	386	
27	185	582	582	
27	187	588	588	
27	188	1182	1182	
27	190	1194	1194	
27	191	600	600	
27	193	606	606	
27	194	1218	1218	
27	196	1230	1230	
27	197	206	206	
27	199	208	208	
27	200	1254	1254	
27	202	1266	1266	
27	203	636	636	
27	205	642	642	
27	206	1290	1290	
27	208	1302	1302	
27	209	654	654	
27	211	660	660	
27	212	1326	1326	
27	214	446	446	
27	215	672	672	
27	217	678	678	
27	218	1362	1362	
27	220	1374	1374	
27	221	230	230	
27	223	696	696	
27	224	1398	1398	
27	226	1410	1410	
27	227	708	708	
27	229	238	238	
27	230	1434	1434	
27	232	482	482	
27	233	726	726	
27	235	732	732	
27	236	1470	1470	
27	238	1482	1482	
27	239	248	248	
27	241	750	750	
27	242	1506	1506	
27	244	1518	1518	
27	245	762	762	
27	247	256	256	
27	248	1542	1542	
27	250	1554	1554	
27	251	780	780	
27	253	786	786	
27	254	526	526	
27	256	1590	1590	
27	257	266	266	
27	259	804	804	
27	260	1614	1614	
27	262	1626	1626	
27	263	816	816	
27	265	274	274	
27	266	1650	1650	
27	268	1662	1662	
27	269	834	834	
27	271	840	840	
27	272	562	562	
27	274	1698	1698	
27	275	852	852	
27	277	858	858	
27	278	1722	1722	
27	280	1734	1734	
27	281	870	870	
27	283	876	876	
27	284	1758	1758	
27	286	1770	1770	
27	287	296	296	
27	289	298	298	
27	290	1794	1794	
27	292	1806	1806	
27	293	906	906	
27	295	912	912	
27	296	1830	1830	
27	298	1842	1842	
27	299	924	924	
27	301	930	930	
27	302	622	622	
27	304	626	626	
27	305	942	942	
27	307	948	948	
27	308	1902	1902	
27	310	638	638	
27	311	960	960	
27	313	966	966	
27	314	1938	1938	
27	316	1950	1950	
27	317	978	978	
27	319	984	984	
27	320	658	658	
27	322	1986	1986	
27	323	332	332	
27	325	334	334	
27	326	2010	2010	
27	328	674	674	
27	329	1014	1014	
27	331	1020	1020	
27	332	2046	2046	
27	334	2058	2058	
27	335	1032	1032	
27	337	1038	1038	
27	338	694	694	
27	340	2094	2094	
27	341	1050	1050	
27	343	1056	1056	
27	344	706	706	
27	346	710	710	
27	347	1068	1068	
27	349	1074	1074	
27	350	2154	2154	
27	352	2166	2166	
27	353	1086	1086	
27	355	1092	1092	
27	356	2190	2190	
27	358	2202	2202	
27	359	368	368	
27	361	370	370	
27	362	2226	2226	
27	364	2238	2238	
27	365	1122	1122	
27	367	1128	1128	
27	368	2262	2262	
27	370	2274	2274	
27	371	1140	1140	
27	373	1146	1146	
27	374	2298	2298	
27	376	770	770	
27	377	1158	1158	
27	379	1164	1164	
27	380	2334	2334	
27	382	2346	2346	
27	383	392	392	
27	385	1182	1182	
27	386	2370	2370	
27	388	2382	2382	
27	389	1194	1194	
27	391	400	400	
27	392	2406	2406	
27	394	806	806	
27	395	1212	1212	
27	397	1218	1218	
27	398	2442	2442	
27	400	2454	2454	
27	401	410	410	
27	403	1236	1236	
27	404	2478	2478	
27	406	2490	2490	
27	407	1248	1248	
27	409	418	418	
27	410	2514	2514	
27	412	2526	2526	
27	413	1266	1266	
27	415	1272	1272	
27	416	850	850	
27	418	2562	2562	
27	419	428	428	
27	421	1290	1290	
27	422	2586	2586	
27	424	2598	2598	
27	425	1302	1302	
27	427	436	436	
27	428	2622	2622	
27	430	2634	2634	
27	431	1320	1320	
27	433	1326	1326	
27	434	886	886	
27	436	2670	2670	
27	437	1338	1338	
27	439	1344	1344	
27	440	2694	2694	
27	442	2706	2706	
27	443	1356	1356	
27	445	1362	1362	
27	446	2730	2730	
27	448	2742	2742	
27	449	458	458	
27	451	460	460	
27	452	2766	2766	
27	454	2778	2778	
27	455	1392	1392	
27	457	1398	1398	
27	458	2802	2802	
27	460	2814	2814	
27	461	1410	1410	
27	463	1416	1416	
27	464	946	946	
27	466	950	950	
27	467	1428	1428	
27	469	1434	1434	
27	470	2874	2874	
27	472	962	962	
27	473	1446	1446	
27	475	1452	1452	
27	476	2910	2910	
27	478	2922	2922	
27	479	1464	1464	
27	481	1470	1470	
27	482	982	982	
27	484	2958	2958	
27	485	494	494	
27	487	496	496	
27	488	2982	2982	
27	490	998	998	
27	491	1500	1500	
27	493	1506	1506	
27	494	3018	3018	
27	496	3030	3030	
27	497	1518	1518	
27	499	1524	1524	
27	500	1018	1018	
27	502	3066	3066	
27	503	1536	1536	
27	505	1542	1542	
27	506	1030	1030	
27	508	1034	1034	
27	509	1554	1554	
27	511	1560	1560	
27	512	3126	3126	
27	514	3138	3138	
27	515	1572	1572	
27	517	1578	1578	
27	518	3162	3162	
27	520	3174	3174	
27	521	530	530	
27	523	532	532	
27	524	3198	3198	
27	526	3210	3210	
27	527	1608	1608	
27	529	1614	1614	
27	530	3234	3234	
27	532	3246	3246	
27	533	1626	1626	
27	535	1632	1632	
27	536	3270	3270	
27	538	1094	1094	
27	539	1644	1644	
27	541	1650	1650	
27	542	3306	3306	
27	544	3318	3318	
27	545	554	554	
27	547	1668	1668	
27	548	3342	3342	
27	550	3354	3354	
27	551	1680	1680	
27	553	562	562	
27	554	3378	3378	
27	556	1130	1130	
27	557	1698	1698	
27	559	1704	1704	
27	560	3414	3414	
27	562	3426	3426	
27	563	572	572	
27	565	1722	1722	
27	566	3450	3450	
27	568	3462	3462	
27	569	1734	1734	
27	571	580	580	
27	572	3486	3486	
27	574	3498	3498	
27	575	1752	1752	
27	577	1758	1758	
27	578	1174	1174	
27	580	3534	3534	
27	581	590	590	
27	583	1776	1776	
27	584	3558	3558	
27	586	3570	3570	
27	587	1788	1788	
27	589	598	598	
27	590	3594	3594	
27	592	3606	3606	
27	593	1806	1806	
27	595	1812	1812	
27	596	1210	1210	
27	598	3642	3642	
27	599	1824	1824	
27	601	1830	1830	
27	602	3666	3666	
27	604	3678	3678	
27	605	1842	1842	
27	607	1848	1848	
27	608	3702	3702	
27	610	3714	3714	
27	611	620	620	
27	613	622	622	
27	614	3738	3738	
27	616	3750	3750	
27	617	1878	1878	
27	619	1884	1884	
27	620	3774	3774	
27	622	3786	3786	
27	623	1896	1896	
27	625	1902	1902	
27	626	1270	1270	
27	628	1274	1274	
27	629	1914	1914	
27	631	1920	1920	
27	632	3846	3846	
27	634	1286	1286	
27	635	1932	1932	
27	637	1938	1938	
27	638	3882	3882	
27	640	3894	3894	
27	641	1950	1950	
27	643	1956	1956	
27	644	1306	1306	
27	646	3930	3930	
27	647	656	656	
27	649	658	658	
27	650	3954	3954	
27	652	1322	1322	
27	653	1986	1986	
27	655	1992	1992	
27	656	3990	3990	
30	31	246	246	
30	37	282	282	
30	41	306	306	
30	43	318	318	
30	47	114	114	
30	49	354	354	
30	53	378	378	
30	59	414	414	
30	61	426	426	
30	67	462	462	
30	71	486	486	
30	73	498	498	
30	77	522	522	
30	79	178	178	
30	83	186	186	
30	89	594	594	
30	91	606	606	
30	97	214	214	
30	101	222	222	
30	103	678	678	
30	107	702	702	
30	109	714	714	
30	113	738	738	
30	119	774	774	
30	121	786	786	
30	127	822	822	
30	131	846	846	
30	133	286	286	
30	137	882	882	
30	139	894	894	
30	143	918	918	
30	149	954	954	
30	151	322	322	
30	157	1002	1002	
30	161	1026	1026	
30	163	1038	1038	
30	167	1062	1062	
30	169	358	358	
30	173	1098	1098	
30	179	1134	1134	
30	181	1146	1146	
30	187	1182	1182	
30	191	402	402	
30	193	1218	1218	
30	197	1242	1242	
30	199	1254	1254	
30	203	1278	1278	
30	209	438	438	
30	211	1326	1326	
30	217	1362	1362	
30	221	1386	1386	
30	223	1398	1398	
30	227	474	474	
30	229	1434	1434	
30	233	1458	1458	
30	239	1494	1494	
30	241	1506	1506	
30	247	1542	1542	
30	251	1566	1566	
30	253	1578	1578	
30	257	1602	1602	
30	259	538	538	
30	263	546	546	
30	269	1674	1674	
30	271	1686	1686	
30	277	574	574	
30	281	582	582	
30	283	1758	1758	
30	287	1782	1782	
30	289	1794	1794	
30	293	1818	1818	
30	299	1854	1854	
30	301	1866	1866	
30	307	1902	1902	
30	311	1926	1926	
30	313	646	646	
30	317	1962	1962	
30	319	1974	1974	
30	323	1998	1998	
30	329	2034	2034	
30	331	682	682	
30	337	2082	2082	
30	341	2106	2106	
30	343	2118	2118	
30	347	2142	2142	
30	349	718	718	
30	353	2178	2178	
30	359	2214	2214	
30	361	2226	2226	
30	367	2262	2262	
30	371	762	762	
30	373	2298	2298	
30	377	2322	2322	
30	379	2334	2334	
30	383	2358	2358	
30	389	798	798	
30	391	2406	2406	
30	397	2442	2442	
30	401	2466	2466	
30	403	2478	2478	
30	407	834	834	
30	409	2514	2514	
30	413	2538	2538	
30	419	2574	2574	
30	421	2586	2586	
30	427	2622	2622	
30	431	2646	2646	
30	433	2658	2658	
30	437	2682	2682	
30	439	898	898	
30	443	906	906	
30	449	2754	2754	
30	451	2766	2766	
30	457	934	934	
30	461	942	942	
30	463	2838	2838	
30	467	2862	2862	
30	469	2874	2874	
30	473	2898	2898	
30	479	2934	2934	
30	481	2946	2946	
30	487	2982	2982	
30	491	3006	3006	
30	493	1006	1006	
30	497	3042	3042	
30	499	3054	3054	
30	503	3078	3078	
30	509	3114	3114	
30	511	1042	1042	
30	517	3162	3162	
30	521	3186	3186	
30	523	3198	3198	
30	527	3222	3222	
30	529	1078	1078	
30	533	3258	3258	
30	539	3294	3294	
30	541	3306	3306	
30	547	3342	3342	
30	551	1122	1122	
30	553	3378	3378	
30	557	3402	3402	
30	559	3414	3414	
30	563	3438	3438	
30	569	1158	1158	
30	571	3486	3486	
30	577	3522	3522	
30	581	3546	3546	
30	583	3558	3558	
30	587	1194	1194	
30	589	3594	3594	
30	593	3618	3618	
30	599	3654	3654	
30	601	3666	3666	
30	607	3702	3702	
30	611	3726	3726	
30	613	3738	3738	
30	617	3762	3762	
30	619	1258	1258	
30	623	1266	1266	
30	629	3834	3834	
30	631	3846	3846	
30	637	1294	1294	
30	641	1302	1302	
30	643	3918	3918	
30	647	3942	3942	
30	649	3954	3954	
30	653	3978	3978	
30	659	4014	4014	
30	661	4026	4026	
30	667	4062	4062	
30	671	4086	4086	
30	673	1366	1366	
30	677	4122	4122	
30	679	4134	4134	
30	683	4158	4158	
30	689	4194	4194	
30	691	1402	1402	
30	697	4242	4242	
30	701	4266	4266	
30	703	4278	4278	
30	707	4302	4302	
30	709	1438	1438	
30	713	4338	4338	
30	719	4374	4374	
30	721	4386	4386	
30	727	4422	4422	
30	731	1482	1482	
30	733	4458	4458	
30	737	4482	4482	
30	739	4494	4494	
30	743	4518	4518	
30	749	1518	1518	
30	751	4566	4566	
30	757	4602	4602	
30	761	4626	4626	
30	763	4638	4638	
30	767	1554	1554	
30	769	4674	4674	
30	773	4698	4698	
30	779	4734	4734	
30	781	4746	4746	
30	787	4782	4782	
30	791	4806	4806	
30	793	4818	4818	
30	797	4842	4842	
30	799	1618	1618	
30	803	1626	1626	
30	809	4914	4914	
30	811	4926	4926	
30	817	1654	1654	
30	821	1662	1662	
30	823	4998	4998	
30	827	5022	5022	
30	829	5034	5034	
30	833	5058	5058	
30	839	5094	5094	
30	841	5106	5106	
30	847	5142	5142	
30	851	5166	5166	
30	853	1726	1726	
30	857	5202	5202	
30	859	5214	5214	
30	863	5238	5238	
30	869	5274	5274	
30	871	1762	1762	
30	877	5322	5322	
30	881	5346	5346	
30	883	5358	5358	
30	887	5382	5382	
30	889	1798	1798	
30	893	5418	5418	
30	899	5454	5454	
30	901	5466	5466	
30	907	5502	5502	
30	911	1842	1842	
30	913	5538	5538	
30	917	5562	5562	
30	919	5574	5574	
30	923	5598	5598	
30	929	1878	1878	
30	931	5646	5646	
30	937	5682	5682	
30	941	5706	5706	
30	943	5718	5718	
30	947	1914	1914	
30	949	5754	5754	
30	953	5778	5778	
30	959	5814	5814	
30	961	5826	5826	
30	967	5862	5862	
30	971	5886	5886	
30	973	5898	5898	
30	977	5922	5922	
30	979	1978	1978	
30	983	1986	1986	
30	989	5994	5994	
30	991	6006	6006	
30	997	2014	2014	
30	1001	2022	2022	
30	1003	6078	6078	
30	1007	6102	6102	
30	1009	6114	6114	
30	1013	6138	6138	
30	1019	6174	6174	
30	1021	6186	6186	
30	1027	6222	6222	
30	1031	6246	6246	
30	1033	2086	2086	
30	1037	6282	6282	
30	1039	6294	6294	
30	1043	6318	6318	
30	1049	6354	6354	
30	1051	2122	2122	
30	1057	6402	6402	
30	1061	6426	6426	
30	1063	6438	6438	
30	1067	6462	6462	
30	1069	2158	2158	
30	1073	6498	6498	
30	1079	6534	6534	
30	1081	6546	6546	
30	1087	6582	6582	
30	1091	2202	2202	
30	1093	6618	6618	
30	1097	6642	6642	
30	1099	6654	6654	
30	1103	6678	6678	
30	1109	2238	2238	
30	1111	6726	6726	
30	1117	6762	6762	
30	1121	6786	6786	
30	1123	6798	6798	
30	1127	2274	2274	
30	1129	6834	6834	
30	1133	6858	6858	
30	1139	6894	6894	
30	1141	6906	6906	
30	1147	6942	6942	
30	1151	6966	6966	
30	1153	6978	6978	
30	1157	7002	7002	
30	1159	2338	2338	
30	1163	2346	2346	
30	1169	7074	7074	
30	1171	7086	7086	
30	1177	2374	2374	
30	1181	2382	2382	
30	1183	7158	7158	
30	1187	7182	7182	
30	1189	7194	7194	
30	1193	7218	7218	
30	1199	7254	7254	
30	1201	7266	7266	
30	1207	7302	7302	
30	1211	7326	7326	
30	1213	2446	2446	
30	1217	7362	7362	
30	1219	7374	7374	
30	1223	7398	7398	
30	1229	7434	7434	
30	1231	2482	2482	
30	1237	7482	7482	
30	1241	7506	7506	
30	1243	7518	7518	
30	1247	7542	7542	
30	1249	2518	2518	
30	1253	7578	7578	
30	1259	7614	7614	
30	1261	7626	7626	
30	1267	7662	7662	
30	1271	2562	2562	
30	1273	7698	7698	
30	1277	7722	7722	
30	1279	7734	7734	
30	1283	7758	7758	
30	1289	2598	2598	
30	1291	7806	7806	
30	1297	7842	7842	
30	1301	7866	7866	
30	1303	7878	7878	
30	1307	2634	2634	
30	1309	7914	7914	
30	1313	7938	7938	
30	1319	7974	7974	
30	1321	7986	7986	
30	1327	8022	8022	
30	1331	8046	8046	
30	1333	8058	8058	
30	1337	8082	8082	
30	1339	2698	2698	
30	1343	2706	2706	
30	1349	8154	8154	
30	1351	8166	8166	
30	1357	2734	2734	
30	1361	2742	2742	
30	1363	8238	8238	
30	1367	8262	8262	
30	1369	8274	8274	
30	1373	8298	8298	
30	1379	8334	8334	
30	1381	8346	8346	
30	1387	8382	8382	
30	1391	8406	8406	
30	1393	2806	2806	
30	1397	8442	8442	
30	1399	8454	8454	
30	1403	8478	8478	
30	1409	8514	8514	
30	1411	2842	2842	
30	1417	8562	8562	
30	1421	8586	8586	
30	1423	8598	8598	
30	1427	8622	8622	
30	1429	2878	2878	
30	1433	8658	8658	
30	1439	8694	8694	
30	1441	8706	8706	
30	1447	8742	8742	
30	1451	2922	2922	
30	1453	8778	8778	
30	1457	8802	8802	
30	1459	8814	8814	
30	1463	8838	8838	
30	1469	2958	2958	
30	1471	8886	8886	
30	1477	8922	8922	
30	1481	8946	8946	
30	1483	8958	8958	
30	1487	2994	2994	
30	1489	8994	8994	
30	1493	9018	9018	
30	1499	9054	9054	
30	1501	9066	9066	
30	1507	9102	9102	
30	1511	9126	9126	
30	1513	9138	9138	
30	1517	9162	9162	
30	1519	3058	3058	
30	1523	3066	3066	
30	1529	9234	9234	
30	1531	9246	9246	
30	1537	3094	3094	
30	1541	3102	3102	
30	1543	9318	9318	
30	1547	9342	9342	
30	1549	9354	9354	
30	1553	9378	9378	
30	1559	9414	9414	
30	1561	9426	9426	
30	1567	9462	9462	
30	1571	9486	9486	
30	1573	3166	3166	
30	1577	9522	9522	
30	1579	9534	9534	
30	1583	9558	9558	
30	1589	9594	9594	
30	1591	3202	3202	
30	1597	9642	9642	
30	1601	9666	9666	
30	1603	9678	9678	
